0.00000e+00 0.00000e+00 -1.29875e+03 -1.15949e+03 -1.43800e+03 -1.29875e+03 -1.15949e+03 -1.43800e+03
1.60000e+02 0.00000e+00 -1.29875e+03 -1.15949e+03 -1.43800e+03 -1.29875e+03 -1.15949e+03 -1.43800e+03
3.20000e+02 1.00000e+00 -1.14050e+03 -9.65677e+02 -1.31533e+03 -1.23641e+03 -1.16363e+03 -1.30918e+03
4.80000e+02 2.00000e+00 -1.18626e+03 -1.01835e+03 -1.35417e+03 -1.21350e+03 -1.12329e+03 -1.30371e+03
6.40000e+02 3.00000e+00 -1.08789e+03 -7.76763e+02 -1.39902e+03 -1.19922e+03 -1.12732e+03 -1.27113e+03
8.00000e+02 4.00000e+00 -9.50127e+02 -9.23079e+02 -9.77176e+02 -1.17553e+03 -1.16757e+03 -1.18349e+03
9.60000e+02 4.00000e+00 -9.50127e+02 -9.23079e+02 -9.77176e+02 -1.13835e+03 -1.13587e+03 -1.14084e+03
1.12000e+03 5.00000e+00 -1.41269e+03 -1.13572e+03 -1.68965e+03 -1.16492e+03 -1.13261e+03 -1.19722e+03
1.28000e+03 6.00000e+00 -1.36259e+03 -1.00600e+03 -1.71919e+03 -1.19215e+03 -1.17222e+03 -1.21208e+03
1.44000e+03 7.00000e+00 -1.01236e+03 -7.75315e+02 -1.24941e+03 -1.19888e+03 -1.17889e+03 -1.21887e+03
1.60000e+03 8.00000e+00 -1.08694e+03 -1.01290e+03 -1.16097e+03 -1.18081e+03 -1.14352e+03 -1.21810e+03
1.76000e+03 8.00000e+00 -1.08694e+03 -1.01290e+03 -1.16097e+03 -1.17232e+03 -1.14501e+03 -1.19964e+03
1.92000e+03 9.00000e+00 -9.52650e+02 -9.18224e+02 -9.87076e+02 -1.15620e+03 -1.13220e+03 -1.18020e+03
2.08000e+03 1.00000e+01 -1.17887e+03 -9.74359e+02 -1.38338e+03 -1.15036e+03 -1.13342e+03 -1.16730e+03
2.24000e+03 1.10000e+01 -1.17762e+03 -8.68139e+02 -1.48709e+03 -1.15236e+03 -1.13568e+03 -1.16904e+03
2.40000e+03 1.20000e+01 -1.25118e+03 -9.79555e+02 -1.52281e+03 -1.15434e+03 -1.12309e+03 -1.18559e+03
2.56000e+03 1.20000e+01 -1.25118e+03 -9.79555e+02 -1.52281e+03 -1.16037e+03 -1.11646e+03 -1.20428e+03
2.72000e+03 1.30000e+01 -1.10631e+03 -9.21420e+02 -1.29119e+03 -1.15879e+03 -1.11531e+03 -1.20228e+03
2.88000e+03 1.40000e+01 -1.06636e+03 -9.75493e+02 -1.15724e+03 -1.15464e+03 -1.11055e+03 -1.19873e+03
3.04000e+03 1.50000e+01 -1.02319e+03 -9.69336e+02 -1.07704e+03 -1.14930e+03 -1.10495e+03 -1.19365e+03
3.20000e+03 1.60000e+01 -1.43131e+03 -1.20466e+03 -1.65795e+03 -1.14429e+03 -1.10303e+03 -1.18555e+03
3.36000e+03 1.60000e+01 -1.43131e+03 -1.20466e+03 -1.65795e+03 -1.15792e+03 -1.11128e+03 -1.20456e+03
3.52000e+03 1.70000e+01 -1.05682e+03 -1.01962e+03 -1.09401e+03 -1.15651e+03 -1.10918e+03 -1.20385e+03
3.68000e+03 1.80000e+01 -1.03307e+03 -9.26308e+02 -1.13984e+03 -1.15161e+03 -1.10555e+03 -1.19768e+03
3.84000e+03 1.90000e+01 -1.03077e+03 -8.44192e+02 -1.21735e+03 -1.14666e+03 -1.10136e+03 -1.19196e+03
4.00000e+03 2.00000e+01 -1.32959e+03 -9.85720e+02 -1.67345e+03 -1.14278e+03 -1.09664e+03 -1.18892e+03
4.16000e+03 2.00000e+01 -1.32959e+03 -9.85720e+02 -1.67345e+03 -1.14995e+03 -1.11046e+03 -1.18943e+03
4.32000e+03 2.10000e+01 -8.95527e+02 -8.46633e+02 -9.44421e+02 -1.14355e+03 -1.10467e+03 -1.18244e+03
4.48000e+03 2.20000e+01 -1.13045e+03 -1.00294e+03 -1.25797e+03 -1.13942e+03 -1.09881e+03 -1.18004e+03
4.64000e+03 2.30000e+01 -1.19489e+03 -9.80187e+02 -1.40960e+03 -1.13981e+03 -1.09910e+03 -1.18052e+03
4.80000e+03 2.40000e+01 -1.42028e+03 -1.26642e+03 -1.57413e+03 -1.14211e+03 -1.10654e+03 -1.17768e+03
4.96000e+03 2.40000e+01 -1.42028e+03 -1.26642e+03 -1.57413e+03 -1.15106e+03 -1.12159e+03 -1.18054e+03
5.12000e+03 2.50000e+01 -1.01062e+03 -9.36831e+02 -1.08442e+03 -1.14519e+03 -1.11266e+03 -1.17771e+03
5.28000e+03 2.60000e+01 -1.18184e+03 -8.72220e+02 -1.49147e+03 -1.14190e+03 -1.10757e+03 -1.17623e+03
5.44000e+03 2.70000e+01 -1.13818e+03 -6.77798e+02 -1.59856e+03 -1.14233e+03 -1.10314e+03 -1.18151e+03
5.60000e+03 2.80000e+01 -9.05168e+02 -8.64123e+02 -9.46213e+02 -1.14052e+03 -1.08864e+03 -1.19240e+03
5.76000e+03 2.80000e+01 -9.05168e+02 -8.64123e+02 -9.46213e+02 -1.13467e+03 -1.08256e+03 -1.18678e+03
5.92000e+03 2.90000e+01 -9.92360e+02 -9.13428e+02 -1.07129e+03 -1.13467e+03 -1.08241e+03 -1.18694e+03
6.08000e+03 3.00000e+01 -9.83150e+02 -9.06289e+02 -1.06001e+03 -1.12753e+03 -1.07320e+03 -1.18186e+03
6.24000e+03 3.10000e+01 -1.10167e+03 -9.49497e+02 -1.25384e+03 -1.11547e+03 -1.05940e+03 -1.17155e+03
6.40000e+03 3.20000e+01 -1.21799e+03 -9.93273e+02 -1.44271e+03 -1.10806e+03 -1.05445e+03 -1.16167e+03
6.56000e+03 3.20000e+01 -1.21799e+03 -9.93273e+02 -1.44271e+03 -1.11464e+03 -1.05836e+03 -1.17092e+03
6.72000e+03 3.30000e+01 -9.44372e+02 -8.36048e+02 -1.05270e+03 -1.11217e+03 -1.05533e+03 -1.16900e+03
6.88000e+03 3.40000e+01 -9.29102e+02 -8.81100e+02 -9.77104e+02 -1.10974e+03 -1.05262e+03 -1.16687e+03
7.04000e+03 3.50000e+01 -9.90554e+02 -8.25829e+02 -1.15528e+03 -1.10734e+03 -1.04899e+03 -1.16569e+03
7.20000e+03 3.60000e+01 -9.93911e+02 -8.97412e+02 -1.09041e+03 -1.10133e+03 -1.03980e+03 -1.16286e+03
7.36000e+03 3.60000e+01 -9.93911e+02 -8.97412e+02 -1.09041e+03 -1.09545e+03 -1.03300e+03 -1.15789e+03
7.52000e+03 3.70000e+01 -9.64025e+02 -8.67366e+02 -1.06068e+03 -1.08688e+03 -1.02796e+03 -1.14580e+03
7.68000e+03 3.80000e+01 -1.07069e+03 -9.79118e+02 -1.16225e+03 -1.08222e+03 -1.02920e+03 -1.13524e+03
7.84000e+03 3.90000e+01 -1.17280e+03 -9.49574e+02 -1.39602e+03 -1.08250e+03 -1.03655e+03 -1.12845e+03
8.00000e+03 4.00000e+01 -7.52091e+02 -7.46873e+02 -7.57309e+02 -1.08515e+03 -1.04584e+03 -1.12446e+03
8.16000e+03 4.00000e+01 -7.52091e+02 -7.46873e+02 -7.57309e+02 -1.07648e+03 -1.03539e+03 -1.11757e+03
8.32000e+03 4.10000e+01 -1.08939e+03 -8.70884e+02 -1.30790e+03 -1.06596e+03 -1.02436e+03 -1.10755e+03
8.48000e+03 4.20000e+01 -8.96536e+02 -6.90209e+02 -1.10286e+03 -1.05829e+03 -1.01301e+03 -1.10357e+03
8.64000e+03 4.30000e+01 -1.11089e+03 -1.01477e+03 -1.20701e+03 -1.05554e+03 -1.00753e+03 -1.10355e+03
8.80000e+03 4.40000e+01 -9.21298e+02 -8.01212e+02 -1.04138e+03 -1.05765e+03 -1.01063e+03 -1.10467e+03
8.96000e+03 4.40000e+01 -9.21298e+02 -8.01212e+02 -1.04138e+03 -1.05415e+03 -1.01044e+03 -1.09787e+03
9.12000e+03 4.50000e+01 -1.03685e+03 -9.53691e+02 -1.12001e+03 -1.04589e+03 -1.00780e+03 -1.08397e+03
9.28000e+03 4.60000e+01 -8.01469e+02 -5.95823e+02 -1.00712e+03 -1.04009e+03 -1.00650e+03 -1.07369e+03
9.44000e+03 4.70000e+01 -9.01625e+02 -8.41698e+02 -9.61552e+02 -1.03573e+03 -1.00499e+03 -1.06647e+03
9.60000e+03 4.80000e+01 -1.05316e+03 -7.32764e+02 -1.37356e+03 -1.02858e+03 -9.99721e+02 -1.05745e+03
9.76000e+03 4.80000e+01 -1.05316e+03 -7.32764e+02 -1.37356e+03 -1.02405e+03 -9.88221e+02 -1.05988e+03
9.92000e+03 4.90000e+01 -9.17610e+02 -7.72909e+02 -1.06231e+03 -1.01013e+03 -9.71917e+02 -1.04834e+03
1.00800e+04 5.00000e+01 -8.85438e+02 -6.69857e+02 -1.10102e+03 -1.00084e+03 -9.59669e+02 -1.04201e+03
1.02400e+04 5.10000e+01 -8.43845e+02 -7.00626e+02 -9.87064e+02 -9.94705e+02 -9.51130e+02 -1.03828e+03
1.04000e+04 5.20000e+01 -8.11407e+02 -6.44196e+02 -9.78617e+02 -9.83911e+02 -9.43062e+02 -1.02476e+03
1.05600e+04 5.20000e+01 -8.11407e+02 -6.44196e+02 -9.78617e+02 -9.73455e+02 -9.49773e+02 -9.97138e+02
1.07200e+04 5.30000e+01 -9.19393e+02 -8.67452e+02 -9.71333e+02 -9.71866e+02 -9.50243e+02 -9.93488e+02
1.08800e+04 5.40000e+01 -9.64749e+02 -7.03077e+02 -1.22642e+03 -9.71568e+02 -9.45581e+02 -9.97555e+02
1.10400e+04 5.50000e+01 -8.81280e+02 -6.80066e+02 -1.08249e+03 -9.69941e+02 -9.35971e+02 -1.00391e+03
1.12000e+04 5.60000e+01 -7.87857e+02 -6.41118e+02 -9.34596e+02 -9.66256e+02 -9.24860e+02 -1.00765e+03
1.13600e+04 5.60000e+01 -7.87857e+02 -6.41118e+02 -9.34596e+02 -9.56216e+02 -9.12510e+02 -9.99923e+02
1.15200e+04 5.70000e+01 -9.01087e+02 -7.07853e+02 -1.09432e+03 -9.46094e+02 -9.02200e+02 -9.89988e+02
1.16800e+04 5.80000e+01 -1.02892e+03 -7.69317e+02 -1.28853e+03 -9.43177e+02 -8.99202e+02 -9.87152e+02
1.18400e+04 5.90000e+01 -1.04357e+03 -8.97856e+02 -1.18928e+03 -9.46184e+02 -9.01356e+02 -9.91012e+02
1.20000e+04 6.00000e+01 -7.14933e+02 -6.53401e+02 -7.76465e+02 -9.49066e+02 -9.06475e+02 -9.91657e+02
1.21600e+04 6.00000e+01 -7.14933e+02 -6.53401e+02 -7.76465e+02 -9.40246e+02 -9.02300e+02 -9.78192e+02
1.23200e+04 6.10000e+01 -6.74518e+02 -6.12536e+02 -7.36499e+02 -9.30288e+02 -8.92684e+02 -9.67892e+02
1.24800e+04 6.20000e+01 -7.72321e+02 -5.67676e+02 -9.76965e+02 -9.22366e+02 -8.82621e+02 -9.62111e+02
1.26400e+04 6.30000e+01 -8.37103e+02 -5.98574e+02 -1.07563e+03 -9.15813e+02 -8.70509e+02 -9.61117e+02
1.28000e+04 6.40000e+01 -8.72591e+02 -7.42656e+02 -1.00253e+03 -9.08205e+02 -8.52953e+02 -9.63457e+02
1.29600e+04 6.40000e+01 -8.72591e+02 -7.42656e+02 -1.00253e+03 -8.98598e+02 -8.41096e+02 -9.56100e+02
1.31200e+04 6.50000e+01 -7.06072e+02 -6.01082e+02 -8.11062e+02 -8.95600e+02 -8.38058e+02 -9.53143e+02
1.32800e+04 6.60000e+01 -8.58141e+02 -5.26986e+02 -1.18930e+03 -8.90794e+02 -8.34735e+02 -9.46853e+02
1.34400e+04 6.70000e+01 -7.71955e+02 -4.86779e+02 -1.05713e+03 -8.84461e+02 -8.29408e+02 -9.39514e+02
1.36000e+04 6.80000e+01 -6.42387e+02 -4.11636e+02 -8.73138e+02 -8.79786e+02 -8.22644e+02 -9.36928e+02
1.37600e+04 6.80000e+01 -6.42387e+02 -4.11636e+02 -8.73138e+02 -8.64795e+02 -8.01864e+02 -9.27726e+02
1.39200e+04 6.90000e+01 -8.49115e+02 -6.65363e+02 -1.03287e+03 -8.60106e+02 -7.99382e+02 -9.20831e+02
1.40800e+04 7.00000e+01 -5.33012e+02 -1.82080e+02 -8.83944e+02 -8.50027e+02 -7.83196e+02 -9.16858e+02
1.42400e+04 7.10000e+01 -7.87746e+02 -6.75765e+02 -8.99726e+02 -8.38805e+02 -7.63903e+02 -9.13707e+02
1.44000e+04 7.20000e+01 -6.93812e+02 -5.86723e+02 -8.00901e+02 -8.37978e+02 -7.66591e+02 -9.09365e+02
1.45600e+04 7.20000e+01 -6.93812e+02 -5.86723e+02 -8.00901e+02 -8.31328e+02 -7.58484e+02 -9.04172e+02
1.47200e+04 7.30000e+01 -7.11517e+02 -5.98993e+02 -8.24042e+02 -8.21198e+02 -7.51917e+02 -8.90480e+02
1.48800e+04 7.40000e+01 -7.08554e+02 -5.44321e+02 -8.72787e+02 -8.12652e+02 -7.42098e+02 -8.83206e+02
1.50400e+04 7.50000e+01 -6.72211e+02 -5.72685e+02 -7.71737e+02 -8.05921e+02 -7.33614e+02 -8.78228e+02
1.52000e+04 7.60000e+01 -7.09066e+02 -5.49281e+02 -8.68852e+02 -7.99254e+02 -7.33044e+02 -8.65464e+02
1.53600e+04 7.60000e+01 -7.09066e+02 -5.49281e+02 -8.68852e+02 -7.94942e+02 -7.29375e+02 -8.60508e+02
1.55200e+04 7.70000e+01 -5.03388e+02 -3.03840e+02 -7.02937e+02 -7.86124e+02 -7.16287e+02 -8.55961e+02
1.56800e+04 7.80000e+01 -5.13734e+02 -2.37358e+02 -7.90111e+02 -7.74510e+02 -6.98203e+02 -8.50817e+02
1.58400e+04 7.90000e+01 -6.59474e+02 -4.47791e+02 -8.71158e+02 -7.62533e+02 -6.80516e+02 -8.44549e+02
1.60000e+04 8.00000e+01 -2.47467e+02 -1.48888e+02 -3.46045e+02 -7.52107e+02 -6.66942e+02 -8.37272e+02
1.61600e+04 8.00000e+01 -2.47467e+02 -1.48888e+02 -3.46045e+02 -7.31825e+02 -6.53826e+02 -8.09824e+02
1.63200e+04 8.10000e+01 -3.74529e+02 -3.69430e+02 -3.79628e+02 -7.17276e+02 -6.44155e+02 -7.90396e+02
1.64800e+04 8.20000e+01 -4.24675e+02 -2.63531e+02 -5.85819e+02 -7.02914e+02 -6.33519e+02 -7.72308e+02
1.66400e+04 8.30000e+01 -3.75749e+02 -2.72383e+02 -4.79115e+02 -6.85901e+02 -6.19419e+02 -7.52382e+02
1.68000e+04 8.40000e+01 -5.40895e+02 -2.28011e+02 -8.53779e+02 -6.65300e+02 -6.00119e+02 -7.30482e+02
1.69600e+04 8.40000e+01 -5.40895e+02 -2.28011e+02 -8.53779e+02 -6.49215e+02 -5.73784e+02 -7.24646e+02
1.71200e+04 8.50000e+01 -5.82057e+02 -5.27324e+02 -6.36790e+02 -6.42744e+02 -5.66294e+02 -7.19194e+02
1.72800e+04 8.60000e+01 -5.26638e+02 -3.21695e+02 -7.31580e+02 -6.38222e+02 -5.66584e+02 -7.09860e+02
1.74400e+04 8.70000e+01 -3.75583e+02 -2.73256e+02 -4.77910e+02 -6.31001e+02 -5.65246e+02 -6.96756e+02
1.76000e+04 8.80000e+01 -6.12005e+02 -1.99628e+02 -1.02438e+03 -6.18649e+02 -5.54226e+02 -6.83071e+02
1.77600e+04 8.80000e+01 -6.12005e+02 -1.99628e+02 -1.02438e+03 -6.11446e+02 -5.42660e+02 -6.80232e+02
1.79200e+04 8.90000e+01 -6.62104e+02 -2.95580e+02 -1.02863e+03 -6.04622e+02 -5.23088e+02 -6.86156e+02
1.80800e+04 9.00000e+01 -2.52373e+02 -7.57868e+01 -4.28960e+02 -5.93509e+02 -5.08447e+02 -6.78571e+02
1.82400e+04 9.10000e+01 -3.65788e+02 -1.75182e+02 -5.56394e+02 -5.78604e+02 -4.93163e+02 -6.64045e+02
1.84000e+04 9.20000e+01 -1.28323e+02 -2.50927e+01 -2.31553e+02 -5.62546e+02 -4.65037e+02 -6.60056e+02
1.85600e+04 9.20000e+01 -1.28323e+02 -2.50927e+01 -2.31553e+02 -5.41950e+02 -4.50395e+02 -6.33505e+02
1.87200e+04 9.30000e+01 -3.67918e+02 -3.64040e+02 -3.71796e+02 -5.30952e+02 -4.46423e+02 -6.15481e+02
1.88800e+04 9.40000e+01 -5.32532e+02 -3.30389e+02 -7.34675e+02 -5.21411e+02 -4.39748e+02 -6.03073e+02
1.90400e+04 9.50000e+01 -4.67754e+02 -3.04292e+02 -6.31217e+02 -5.13793e+02 -4.35321e+02 -5.92265e+02
1.92000e+04 9.60000e+01 -2.12792e+02 -9.38292e+01 -3.31754e+02 -5.10686e+02 -4.44527e+02 -5.76844e+02
1.93600e+04 9.60000e+01 -2.12792e+02 -9.38292e+01 -3.31754e+02 -4.92287e+02 -4.23141e+02 -5.61434e+02
1.95200e+04 9.70000e+01 -2.93954e+02 3.45150e+01 -6.22422e+02 -4.78441e+02 -4.03443e+02 -5.53439e+02
1.96800e+04 9.80000e+01 -4.47974e+02 -2.05179e+02 -6.90769e+02 -4.68099e+02 -3.84114e+02 -5.52085e+02
1.98400e+04 9.90000e+01 -4.13851e+02 -3.56066e+02 -4.71636e+02 -4.59354e+02 -3.68834e+02 -5.49875e+02
2.00000e+04 1.00000e+02 -2.39855e+02 -1.43467e+02 -3.36242e+02 -4.49649e+02 -3.61811e+02 -5.37487e+02
2.01600e+04 1.00000e+02 -2.39855e+02 -1.43467e+02 -3.36242e+02 -4.35813e+02 -3.45012e+02 -5.26615e+02
2.03200e+04 1.01000e+02 -2.47240e+02 -7.13633e+01 -4.23117e+02 -4.21211e+02 -3.27143e+02 -5.15280e+02
2.04800e+04 1.02000e+02 -2.50927e+02 -1.45384e+02 -3.56470e+02 -4.10202e+02 -3.15841e+02 -5.04563e+02
2.06400e+04 1.03000e+02 -1.66570e+02 -1.08887e+02 -2.24253e+02 -4.01176e+02 -3.10994e+02 -4.91358e+02
2.08000e+04 1.04000e+02 -2.48568e+02 -1.45137e+02 -3.51999e+02 -3.89939e+02 -3.09091e+02 -4.70788e+02
2.09600e+04 1.04000e+02 -2.48568e+02 -1.45137e+02 -3.51999e+02 -3.76790e+02 -3.00586e+02 -4.52995e+02
2.11200e+04 1.05000e+02 -2.24054e+02 -8.63697e+01 -3.61738e+02 -3.73716e+02 -2.93453e+02 -4.53980e+02
2.12800e+04 1.06000e+02 -2.07132e+02 -9.04611e+01 -3.23804e+02 -3.70375e+02 -2.85404e+02 -4.55346e+02
2.14400e+04 1.07000e+02 -3.43582e+02 -3.79069e+01 -6.49256e+02 -3.65881e+02 -2.79286e+02 -4.52477e+02
2.16000e+04 1.08000e+02 -4.56653e+02 -2.23188e+02 -6.90118e+02 -3.63610e+02 -2.79572e+02 -4.47649e+02
2.17600e+04 1.08000e+02 -4.56653e+02 -2.23188e+02 -6.90118e+02 -3.66200e+02 -2.84078e+02 -4.48322e+02
2.19200e+04 1.09000e+02 -3.25197e+02 -1.78485e+02 -4.71909e+02 -3.61077e+02 -2.83099e+02 -4.39055e+02
2.20800e+04 1.10000e+02 -2.03952e+02 -1.49012e+02 -2.58891e+02 -3.51251e+02 -2.73846e+02 -4.28656e+02
2.22400e+04 1.11000e+02 -2.70925e+02 -6.56180e+01 -4.76231e+02 -3.40376e+02 -2.61164e+02 -4.19587e+02
2.24000e+04 1.12000e+02 -1.65926e+02 -1.08739e+02 -2.23113e+02 -3.32285e+02 -2.53403e+02 -4.11167e+02
2.25600e+04 1.12000e+02 -1.65926e+02 -1.08739e+02 -2.23113e+02 -3.25576e+02 -2.50959e+02 -4.00193e+02
2.27200e+04 1.13000e+02 -4.43394e+01 1.58491e+01 -1.04528e+02 -3.09559e+02 -2.47429e+02 -3.71688e+02
2.28800e+04 1.14000e+02 -1.65933e+02 -1.41720e+01 -3.17693e+02 -2.92680e+02 -2.40758e+02 -3.44602e+02
2.30400e+04 1.15000e+02 -2.48564e+02 -7.35874e+01 -4.23540e+02 -2.81726e+02 -2.31705e+02 -3.31747e+02
2.32000e+04 1.16000e+02 -8.35985e+01 -2.59223e+01 -1.41275e+02 -2.81048e+02 -2.23014e+02 -3.39081e+02
2.33600e+04 1.16000e+02 -8.35985e+01 -2.59223e+01 -1.41275e+02 -2.72018e+02 -2.15057e+02 -3.28979e+02
2.35200e+04 1.17000e+02 -2.07310e+02 -1.51319e+02 -2.63300e+02 -2.72378e+02 -2.16973e+02 -3.27784e+02
2.36800e+04 1.18000e+02 -3.22103e+02 -7.58217e+01 -5.68385e+02 -2.72659e+02 -2.15179e+02 -3.30140e+02
2.38400e+04 1.19000e+02 -2.05046e+02 -9.37497e+01 -3.16342e+02 -2.68377e+02 -2.06941e+02 -3.29812e+02
2.40000e+04 1.20000e+02 -8.60953e+01 -2.64525e+01 -1.45738e+02 -2.57789e+02 -1.95288e+02 -3.20290e+02
2.41600e+04 1.20000e+02 -8.60953e+01 -2.64525e+01 -1.45738e+02 -2.45576e+02 -1.82552e+02 -3.08599e+02
2.43200e+04 1.21000e+02 -3.28352e+02 -1.73096e+02 -4.83608e+02 -2.46290e+02 -1.78396e+02 -3.14184e+02
2.44800e+04 1.22000e+02 -2.77459e+02 -6.37174e+01 -4.91201e+02 -2.47611e+02 -1.85280e+02 -3.09942e+02
2.46400e+04 1.23000e+02 -2.86601e+02 -7.96415e+01 -4.93561e+02 -2.45634e+02 -1.93963e+02 -2.97306e+02
2.48000e+04 1.24000e+02 -1.25876e+02 -2.57245e+01 -2.26028e+02 -2.40217e+02 -1.90410e+02 -2.90025e+02
2.49600e+04 1.24000e+02 -1.25876e+02 -2.57245e+01 -2.26028e+02 -2.31002e+02 -1.83080e+02 -2.78924e+02
2.51200e+04 1.25000e+02 -2.99740e+02 -1.35450e+02 -4.64030e+02 -2.30832e+02 -1.80630e+02 -2.81033e+02
2.52800e+04 1.26000e+02 -8.49000e+01 3.20139e+01 -2.01814e+02 -2.28747e+02 -1.78083e+02 -2.79411e+02
2.54400e+04 1.27000e+02 -1.67745e+02 -1.07501e+02 -2.27989e+02 -2.24344e+02 -1.76017e+02 -2.72671e+02
2.56000e+04 1.28000e+02 -1.22698e+02 -1.20185e+02 -1.25211e+02 -2.21761e+02 -1.76824e+02 -2.66699e+02
2.57600e+04 1.28000e+02 -1.22698e+02 -1.20185e+02 -1.25211e+02 -2.20357e+02 -1.75291e+02 -2.65423e+02
2.59200e+04 1.29000e+02 -2.90920e+02 -1.73817e+02 -4.08023e+02 -2.21195e+02 -1.78204e+02 -2.64186e+02
2.60800e+04 1.30000e+02 -2.90063e+02 -2.31076e+02 -3.49049e+02 -2.22976e+02 -1.83530e+02 -2.62422e+02
2.62400e+04 1.31000e+02 -2.43065e+02 -7.68537e+01 -4.09276e+02 -2.24787e+02 -1.87879e+02 -2.61696e+02
2.64000e+04 1.32000e+02 -2.48208e+02 -1.47922e+02 -3.48494e+02 -2.25675e+02 -1.87138e+02 -2.64212e+02
2.65600e+04 1.32000e+02 -2.48208e+02 -1.47922e+02 -3.48494e+02 -2.22623e+02 -1.79292e+02 -2.65955e+02
2.67200e+04 1.33000e+02 -2.43203e+02 -1.51186e+02 -3.35220e+02 -2.16501e+02 -1.75841e+02 -2.57161e+02
2.68800e+04 1.34000e+02 -2.10397e+02 -1.50316e+02 -2.70478e+02 -2.11446e+02 -1.72797e+02 -2.50095e+02
2.70400e+04 1.35000e+02 -2.49208e+02 -7.31518e+01 -4.25263e+02 -2.09373e+02 -1.70925e+02 -2.47822e+02
2.72000e+04 1.36000e+02 -8.38052e+01 3.28023e+01 -2.00413e+02 -2.10357e+02 -1.71076e+02 -2.49638e+02
2.73600e+04 1.36000e+02 -8.38052e+01 3.28023e+01 -2.00413e+02 -2.04369e+02 -1.62386e+02 -2.46352e+02
2.75200e+04 1.37000e+02 -2.02406e+02 -9.55843e+01 -3.09228e+02 -2.04195e+02 -1.63555e+02 -2.44835e+02
2.76800e+04 1.38000e+02 -2.82942e+02 -1.33584e+02 -4.32300e+02 -2.09000e+02 -1.66922e+02 -2.51079e+02
2.78400e+04 1.39000e+02 -1.27011e+02 -2.60218e+01 -2.28001e+02 -2.13860e+02 -1.69330e+02 -2.58390e+02
2.80000e+04 1.40000e+02 -2.86111e+02 -1.36355e+02 -4.35866e+02 -2.12768e+02 -1.70711e+02 -2.54824e+02
2.81600e+04 1.40000e+02 -2.86111e+02 -1.36355e+02 -4.35866e+02 -2.13969e+02 -1.78301e+02 -2.49638e+02
2.83200e+04 1.41000e+02 -1.69821e+02 -1.11288e+02 -2.28354e+02 -2.16436e+02 -1.78948e+02 -2.53925e+02
2.84800e+04 1.42000e+02 -1.61887e+02 -1.00636e+02 -2.23138e+02 -2.16826e+02 -1.77120e+02 -2.56532e+02
2.86400e+04 1.43000e+02 -1.65918e+02 -1.10490e+02 -2.21347e+02 -2.14265e+02 -1.75942e+02 -2.52587e+02
2.88000e+04 1.44000e+02 -4.34572e+01 1.48033e+01 -1.01718e+02 -2.09256e+02 -1.77277e+02 -2.41235e+02
2.89600e+04 1.44000e+02 -4.34572e+01 1.48033e+01 -1.01718e+02 -2.04085e+02 -1.75913e+02 -2.32258e+02
2.91200e+04 1.45000e+02 -4.10569e+02 -2.89871e+02 -5.31267e+02 -2.11552e+02 -1.83801e+02 -2.39303e+02
2.92800e+04 1.46000e+02 -1.68144e+02 -1.08861e+02 -2.27426e+02 -2.13211e+02 -1.85831e+02 -2.40591e+02
2.94400e+04 1.47000e+02 -2.44001e+02 -7.78872e+01 -4.10116e+02 -2.09352e+02 -1.80666e+02 -2.38038e+02
2.96000e+04 1.48000e+02 -4.23804e+02 -1.73165e+02 -6.74443e+02 -2.08622e+02 -1.73654e+02 -2.43590e+02
2.97600e+04 1.48000e+02 -4.23804e+02 -1.73165e+02 -6.74443e+02 -2.13013e+02 -1.83923e+02 -2.42102e+02
2.99200e+04 1.49000e+02 -1.64787e+02 -1.08620e+02 -2.20954e+02 -2.14848e+02 -1.82945e+02 -2.46751e+02
3.00800e+04 1.50000e+02 -2.36595e+02 1.21392e+01 -4.85330e+02 -2.14256e+02 -1.85219e+02 -2.43293e+02
3.02400e+04 1.51000e+02 -2.45463e+02 -7.64733e+01 -4.14452e+02 -2.14472e+02 -1.91507e+02 -2.37437e+02
3.04000e+04 1.52000e+02 -1.23404e+02 -2.61034e+01 -2.20704e+02 -2.19201e+02 -1.97463e+02 -2.40938e+02
3.05600e+04 1.52000e+02 -1.23404e+02 -2.61034e+01 -2.20704e+02 -2.17781e+02 -1.99565e+02 -2.35998e+02
3.07200e+04 1.53000e+02 -2.68775e+02 -6.32924e+01 -4.74257e+02 -2.21314e+02 -2.00178e+02 -2.42449e+02
3.08800e+04 1.54000e+02 -2.89976e+02 -1.71298e+02 -4.08654e+02 -2.23342e+02 -1.99962e+02 -2.46721e+02
3.10400e+04 1.55000e+02 -2.19364e+02 -8.46328e+01 -3.54095e+02 -2.22614e+02 -1.98189e+02 -2.47039e+02
3.12000e+04 1.56000e+02 -3.50381e+02 5.78236e+01 -7.58586e+02 -2.20708e+02 -1.93764e+02 -2.47651e+02
3.13600e+04 1.56000e+02 -3.50381e+02 5.78236e+01 -7.58586e+02 -2.24142e+02 -2.10152e+02 -2.38131e+02
3.15200e+04 1.57000e+02 -4.49319e+02 -2.46823e+02 -6.51816e+02 -2.30014e+02 -2.10502e+02 -2.49526e+02
3.16800e+04 1.58000e+02 -2.48535e+02 -7.75769e+01 -4.19493e+02 -2.32926e+02 -2.12133e+02 -2.53718e+02
3.18400e+04 1.59000e+02 -2.90833e+02 -1.28106e+02 -4.53561e+02 -2.33847e+02 -2.16866e+02 -2.50828e+02
3.20000e+04 1.60000e+02 -2.90157e+02 -1.75614e+02 -4.04699e+02 -2.36342e+02 -2.22073e+02 -2.50612e+02
3.21600e+04 1.60000e+02 -2.90157e+02 -1.75614e+02 -4.04699e+02 -2.37653e+02 -2.22458e+02 -2.52848e+02
3.23200e+04 1.61000e+02 -2.07977e+02 -1.50948e+02 -2.65006e+02 -2.41127e+02 -2.29104e+02 -2.53150e+02
3.24800e+04 1.62000e+02 -1.26447e+02 -1.24131e+02 -1.28763e+02 -2.41498e+02 -2.31633e+02 -2.51364e+02
3.26400e+04 1.63000e+02 -2.70348e+02 -6.73117e+01 -4.73384e+02 -2.39701e+02 -2.33253e+02 -2.46149e+02
3.28000e+04 1.64000e+02 -8.57250e+01 -2.64598e+01 -1.44990e+02 -2.39241e+02 -2.34859e+02 -2.43623e+02
3.29600e+04 1.64000e+02 -8.57250e+01 -2.64598e+01 -1.44990e+02 -2.37920e+02 -2.32656e+02 -2.43183e+02
3.31200e+04 1.65000e+02 -2.98731e+02 -1.35944e+02 -4.61518e+02 -2.38000e+02 -2.33594e+02 -2.42406e+02
3.32800e+04 1.66000e+02 -2.52869e+02 -6.98125e+01 -4.35926e+02 -2.39672e+02 -2.33036e+02 -2.46307e+02
3.34400e+04 1.67000e+02 -2.06761e+02 -8.99957e+01 -3.23527e+02 -2.41947e+02 -2.32380e+02 -2.51514e+02
3.36000e+04 1.68000e+02 -8.40271e+01 -2.57658e+01 -1.42288e+02 -2.43130e+02 -2.29733e+02 -2.56527e+02
3.37600e+04 1.68000e+02 -8.40271e+01 -2.57658e+01 -1.42288e+02 -2.40509e+02 -2.24388e+02 -2.56631e+02
3.39200e+04 1.69000e+02 -3.35716e+02 -1.79772e+02 -4.91660e+02 -2.47617e+02 -2.32803e+02 -2.62431e+02
3.40800e+04 1.70000e+02 -4.43166e+02 -3.24952e+02 -5.61379e+02 -2.52295e+02 -2.37101e+02 -2.67489e+02
3.42400e+04 1.71000e+02 -1.24693e+02 -1.22050e+02 -1.27335e+02 -2.52578e+02 -2.35494e+02 -2.69662e+02
3.44000e+04 1.72000e+02 -2.21294e+02 -8.02706e+01 -3.62318e+02 -2.51229e+02 -2.32333e+02 -2.70125e+02
3.45600e+04 1.72000e+02 -2.21294e+02 -8.02706e+01 -3.62318e+02 -2.50502e+02 -2.23264e+02 -2.77740e+02
3.47200e+04 1.73000e+02 -1.68061e+02 -1.07987e+02 -2.28135e+02 -2.43716e+02 -2.19419e+02 -2.68014e+02
3.48800e+04 1.74000e+02 -2.51204e+02 -7.27913e+01 -4.29617e+02 -2.41692e+02 -2.21605e+02 -2.61779e+02
3.50400e+04 1.75000e+02 -2.01611e+02 -5.26870e+01 -3.50535e+02 -2.43243e+02 -2.27073e+02 -2.59413e+02
3.52000e+04 1.76000e+02 -1.68152e+02 -1.06814e+02 -2.29491e+02 -2.42039e+02 -2.31059e+02 -2.53019e+02
3.53600e+04 1.76000e+02 -1.68152e+02 -1.06814e+02 -2.29491e+02 -2.39565e+02 -2.34782e+02 -2.44348e+02
3.55200e+04 1.77000e+02 -2.02511e+02 -1.48956e+02 -2.56066e+02 -2.41158e+02 -2.34644e+02 -2.47672e+02
3.56800e+04 1.78000e+02 -4.20464e+01 1.53614e+01 -9.94541e+01 -2.38184e+02 -2.30023e+02 -2.46346e+02
3.58400e+04 1.79000e+02 -1.59007e+02 -1.47692e+01 -3.03246e+02 -2.31887e+02 -2.20202e+02 -2.43571e+02
3.60000e+04 1.80000e+02 -1.26699e+02 -2.46655e+01 -2.28733e+02 -2.27772e+02 -2.12091e+02 -2.43454e+02
3.61600e+04 1.80000e+02 -1.26699e+02 -2.46655e+01 -2.28733e+02 -2.24807e+02 -2.05203e+02 -2.44411e+02
3.63200e+04 1.81000e+02 -1.59999e+02 -9.73852e+00 -3.10260e+02 -2.19301e+02 -1.93322e+02 -2.45280e+02
3.64800e+04 1.82000e+02 -1.61348e+02 -1.05444e+02 -2.17253e+02 -2.11452e+02 -1.80870e+02 -2.42034e+02
3.66400e+04 1.83000e+02 -1.74204e+02 -1.01685e+02 -2.46723e+02 -2.04373e+02 -1.70924e+02 -2.37823e+02
3.68000e+04 1.84000e+02 -8.37990e+01 -2.51907e+01 -1.42407e+02 -2.01729e+02 -1.62806e+02 -2.40653e+02
3.69600e+04 1.84000e+02 -8.37990e+01 -2.51907e+01 -1.42407e+02 -1.95104e+02 -1.63132e+02 -2.27076e+02
3.71200e+04 1.85000e+02 -2.21801e+02 -5.04711e+01 -3.93131e+02 -1.92085e+02 -1.58869e+02 -2.25301e+02
3.72800e+04 1.86000e+02 -2.06014e+02 -1.48760e+02 -2.63268e+02 -1.91092e+02 -1.55913e+02 -2.26272e+02
3.74400e+04 1.87000e+02 -2.05253e+02 -8.71379e+01 -3.23369e+02 -1.91837e+02 -1.57651e+02 -2.26023e+02
3.76000e+04 1.88000e+02 -4.68897e+02 -2.05419e+02 -7.32374e+02 -1.94599e+02 -1.64455e+02 -2.24742e+02
3.77600e+04 1.88000e+02 -4.68897e+02 -2.05419e+02 -7.32374e+02 -2.00952e+02 -1.82961e+02 -2.18943e+02
3.79200e+04 1.89000e+02 -2.43167e+02 -1.43191e+02 -3.43143e+02 -2.06237e+02 -1.87138e+02 -2.25336e+02
3.80800e+04 1.90000e+02 -2.33590e+02 -1.47174e+02 -3.20006e+02 -2.07269e+02 -1.86752e+02 -2.27786e+02
3.82400e+04 1.91000e+02 -1.71962e+02 -1.22336e+01 -3.31691e+02 -2.05027e+02 -1.84313e+02 -2.25740e+02
3.84000e+04 1.92000e+02 -1.25601e+02 -1.24355e+02 -1.26847e+02 -2.02437e+02 -1.81568e+02 -2.23306e+02
3.85600e+04 1.92000e+02 -1.25601e+02 -1.24355e+02 -1.26847e+02 -1.99840e+02 -1.81457e+02 -2.18223e+02
3.87200e+04 1.93000e+02 -1.60025e+02 -1.20824e+01 -3.07968e+02 -2.01329e+02 -1.84192e+02 -2.18466e+02
3.88800e+04 1.94000e+02 -2.48754e+02 -1.50517e+02 -3.46992e+02 -2.00828e+02 -1.83014e+02 -2.18641e+02
3.90400e+04 1.95000e+02 -2.06095e+02 -8.47350e+01 -3.27455e+02 -1.96544e+02 -1.76321e+02 -2.16767e+02
3.92000e+04 1.96000e+02 -4.45755e+01 1.45200e+01 -1.03671e+02 -1.89271e+02 -1.64328e+02 -2.14214e+02
3.93600e+04 1.96000e+02 -4.45755e+01 1.45200e+01 -1.03671e+02 -1.86708e+02 -1.63655e+02 -2.09760e+02
3.95200e+04 1.97000e+02 -2.51206e+02 -1.48275e+02 -3.54137e+02 -1.87004e+02 -1.63066e+02 -2.10942e+02
3.96800e+04 1.98000e+02 -2.06959e+02 1.38001e+00 -4.15299e+02 -1.88123e+02 -1.59875e+02 -2.16371e+02
3.98400e+04 1.99000e+02 -2.06509e+02 -9.39165e+01 -3.19101e+02 -1.88532e+02 -1.56531e+02 -2.20534e+02
4.00000e+04 2.00000e+02 -3.01181e+02 -1.75671e+02 -4.26691e+02 -1.87390e+02 -1.57043e+02 -2.17737e+02
4.01600e+04 2.00000e+02 -3.01181e+02 -1.75671e+02 -4.26691e+02 -1.90577e+02 -1.59638e+02 -2.21516e+02
4.03200e+04 2.01000e+02 -1.26722e+02 -1.25962e+02 -1.27483e+02 -1.90097e+02 -1.60478e+02 -2.19716e+02
4.04800e+04 2.02000e+02 -3.79198e+02 -1.65163e+02 -5.93234e+02 -1.92697e+02 -1.62901e+02 -2.22494e+02
4.06400e+04 2.03000e+02 -1.24392e+02 -1.23446e+02 -1.25339e+02 -1.97408e+02 -1.66166e+02 -2.28650e+02
4.08000e+04 2.04000e+02 -1.23461e+02 -2.41462e+01 -2.22776e+02 -1.99807e+02 -1.69248e+02 -2.30366e+02
4.09600e+04 2.04000e+02 -1.23461e+02 -2.41462e+01 -2.22776e+02 -1.98670e+02 -1.74430e+02 -2.22910e+02
4.11200e+04 2.05000e+02 -3.78805e+02 -1.96665e+02 -5.60946e+02 -2.05011e+02 -1.76170e+02 -2.33853e+02
4.12800e+04 2.06000e+02 -1.62499e+02 -1.05888e+02 -2.19111e+02 -2.08586e+02 -1.78241e+02 -2.38931e+02
4.14400e+04 2.07000e+02 -1.63128e+02 -1.09906e+02 -2.16349e+02 -2.08658e+02 -1.78910e+02 -2.38407e+02
4.16000e+04 2.08000e+02 -2.04799e+02 6.71582e+00 -4.16313e+02 -2.08773e+02 -1.76296e+02 -2.41250e+02
4.17600e+04 2.08000e+02 -2.04799e+02 6.71582e+00 -4.16313e+02 -2.09752e+02 -1.77397e+02 -2.42107e+02
4.19200e+04 2.09000e+02 -1.68695e+02 -1.10755e+02 -2.26635e+02 -2.12143e+02 -1.80586e+02 -2.43700e+02
4.20800e+04 2.10000e+02 -1.62187e+02 -1.04707e+02 -2.19667e+02 -2.12259e+02 -1.85033e+02 -2.39485e+02
4.22400e+04 2.11000e+02 -1.63905e+02 -1.12187e+02 -2.15623e+02 -2.10526e+02 -1.87468e+02 -2.33583e+02
4.24000e+04 2.12000e+02 -1.14238e+02 -2.69031e+01 -2.01573e+02 -2.09081e+02 -1.84058e+02 -2.34103e+02
4.25600e+04 2.12000e+02 -1.14238e+02 -2.69031e+01 -2.01573e+02 -2.06168e+02 -1.74812e+02 -2.37524e+02
4.27200e+04 2.13000e+02 -8.35247e+01 -2.63056e+01 -1.40744e+02 -1.95602e+02 -1.56013e+02 -2.35192e+02
4.28800e+04 2.14000e+02 -2.54760e+02 -7.44151e+01 -4.35104e+02 -1.90416e+02 -1.46513e+02 -2.34319e+02
4.30400e+04 2.15000e+02 -1.64283e+02 -1.07246e+02 -2.21319e+02 -1.89978e+02 -1.45980e+02 -2.33975e+02
4.32000e+04 2.16000e+02 -1.64461e+02 -1.13115e+02 -2.15808e+02 -1.87883e+02 -1.45670e+02 -2.30097e+02
4.33600e+04 2.16000e+02 -1.64461e+02 -1.13115e+02 -2.15808e+02 -1.87644e+02 -1.51510e+02 -2.23777e+02
4.35200e+04 2.17000e+02 -2.44988e+02 -1.50996e+02 -3.38979e+02 -1.90703e+02 -1.57537e+02 -2.23869e+02
4.36800e+04 2.18000e+02 -1.25265e+02 -1.24713e+02 -1.25817e+02 -1.91748e+02 -1.59330e+02 -2.24167e+02
4.38400e+04 2.19000e+02 -1.26111e+02 -1.24570e+02 -1.27652e+02 -1.89757e+02 -1.56202e+02 -2.23313e+02
4.40000e+04 2.20000e+02 -4.35823e+02 -8.33290e+01 -7.88318e+02 -1.86538e+02 -1.51998e+02 -2.21077e+02
4.41600e+04 2.20000e+02 -4.35823e+02 -8.33290e+01 -7.88318e+02 -1.93888e+02 -1.73367e+02 -2.14410e+02
4.43200e+04 2.21000e+02 -2.77842e+02 -1.40325e+02 -4.15358e+02 -2.01332e+02 -1.84716e+02 -2.17948e+02
4.44800e+04 2.22000e+02 -2.88493e+02 -1.75293e+02 -4.01694e+02 -2.05269e+02 -1.90070e+02 -2.20468e+02
4.46400e+04 2.23000e+02 -2.04844e+02 -1.43282e+02 -2.66406e+02 -2.06068e+02 -1.89719e+02 -2.22417e+02
4.48000e+04 2.24000e+02 -1.59725e+02 -1.07475e+02 -2.11975e+02 -2.05911e+02 -1.85963e+02 -2.25859e+02
4.49600e+04 2.24000e+02 -1.59725e+02 -1.07475e+02 -2.11975e+02 -2.04414e+02 -1.80243e+02 -2.28585e+02
4.51200e+04 2.25000e+02 -1.61585e+02 -1.11275e+02 -2.11896e+02 -2.00504e+02 -1.75404e+02 -2.25603e+02
4.52800e+04 2.26000e+02 -3.90573e+02 -2.53981e+02 -5.27165e+02 -2.03299e+02 -1.76525e+02 -2.30073e+02
4.54400e+04 2.27000e+02 -1.65700e+02 -1.04748e+02 -2.26652e+02 -2.06968e+02 -1.80153e+02 -2.33783e+02
4.56000e+04 2.28000e+02 -1.69844e+02 -1.11767e+02 -2.27920e+02 -2.00655e+02 -1.78560e+02 -2.22749e+02
4.57600e+04 2.28000e+02 -1.69844e+02 -1.11767e+02 -2.27920e+02 -2.02109e+02 -1.81805e+02 -2.22412e+02
4.59200e+04 2.29000e+02 -1.24595e+02 -1.22257e+02 -1.26933e+02 -2.02411e+02 -1.81433e+02 -2.23390e+02
4.60800e+04 2.30000e+02 -2.02178e+02 -8.97069e+01 -3.14650e+02 -1.99248e+02 -1.75105e+02 -2.23390e+02
4.62400e+04 2.31000e+02 -1.25201e+02 -1.23945e+02 -1.26456e+02 -1.94989e+02 -1.68003e+02 -2.21975e+02
4.64000e+04 2.32000e+02 -2.05993e+02 -9.57764e+01 -3.16210e+02 -1.93955e+02 -1.67999e+02 -2.19912e+02
4.65600e+04 2.32000e+02 -2.05993e+02 -9.57764e+01 -3.16210e+02 -1.95327e+02 -1.65087e+02 -2.25567e+02
4.67200e+04 2.33000e+02 -2.55489e+02 -1.46634e+02 -3.64344e+02 -1.96902e+02 -1.71150e+02 -2.22655e+02
4.68800e+04 2.34000e+02 -1.23568e+02 -2.47919e+01 -2.22344e+02 -1.96800e+02 -1.73640e+02 -2.19960e+02
4.70400e+04 2.35000e+02 -2.06376e+02 -1.48819e+02 -2.63934e+02 -1.96249e+02 -1.73245e+02 -2.19253e+02
4.72000e+04 2.36000e+02 -2.59655e+02 -1.42675e+02 -3.76635e+02 -1.97766e+02 -1.75050e+02 -2.20482e+02
4.73600e+04 2.36000e+02 -2.59655e+02 -1.42675e+02 -3.76635e+02 -2.00830e+02 -1.77448e+02 -2.24212e+02
4.75200e+04 2.37000e+02 -2.39694e+02 -1.45360e+02 -3.34029e+02 -2.04666e+02 -1.82752e+02 -2.26581e+02
4.76800e+04 2.38000e+02 -8.67163e+01 -2.65492e+01 -1.46883e+02 -2.06480e+02 -1.85305e+02 -2.27655e+02
4.78400e+04 2.39000e+02 -1.21510e+02 -1.20336e+02 -1.22684e+02 -2.05218e+02 -1.85468e+02 -2.24968e+02
4.80000e+04 2.40000e+02 -3.46354e+02 -1.86352e+02 -5.06356e+02 -2.01585e+02 -1.86296e+02 -2.16874e+02
4.81600e+04 2.40000e+02 -3.46354e+02 -1.86352e+02 -5.06356e+02 -2.07411e+02 -1.96834e+02 -2.17988e+02
4.83200e+04 2.41000e+02 -1.63349e+02 -1.10096e+02 -2.16603e+02 -2.08474e+02 -2.00753e+02 -2.16196e+02
4.84800e+04 2.42000e+02 -1.61342e+02 -9.94006e+01 -2.23283e+02 -2.06953e+02 -2.03092e+02 -2.10815e+02
4.86400e+04 2.43000e+02 -8.39936e+01 -2.54230e+01 -1.42564e+02 -2.04700e+02 -2.04182e+02 -2.05219e+02
4.88000e+04 2.44000e+02 -1.25778e+02 -1.22236e+02 -1.29320e+02 -2.03462e+02 -2.02191e+02 -2.04732e+02
4.89600e+04 2.44000e+02 -1.25778e+02 -1.22236e+02 -1.29320e+02 -2.03451e+02 -2.02046e+02 -2.04855e+02
4.91200e+04 2.45000e+02 -1.25436e+02 -1.22663e+02 -1.28209e+02 -1.95379e+02 -1.86995e+02 -2.03762e+02
4.92800e+04 2.46000e+02 -1.67645e+02 -1.38991e+01 -3.21391e+02 -1.89050e+02 -1.76009e+02 -2.02090e+02
4.94400e+04 2.47000e+02 -2.05260e+02 -1.50182e+02 -2.60338e+02 -1.85793e+02 -1.72808e+02 -1.98778e+02
4.96000e+04 2.48000e+02 -1.98058e+02 -3.51006e+00 -3.92606e+02 -1.83282e+02 -1.69132e+02 -1.97433e+02
4.97600e+04 2.48000e+02 -1.98058e+02 -3.51006e+00 -3.92606e+02 -1.83065e+02 -1.65571e+02 -2.00560e+02
4.99200e+04 2.49000e+02 -1.24980e+02 -1.20315e+02 -1.29646e+02 -1.82122e+02 -1.64032e+02 -2.00211e+02
5.00800e+04 2.50000e+02 -1.57198e+02 -1.45892e+01 -2.99807e+02 -1.81556e+02 -1.65252e+02 -1.97860e+02
5.02400e+04 2.51000e+02 -2.50186e+02 -4.06294e+01 -4.59743e+02 -1.80055e+02 -1.67483e+02 -1.92627e+02
5.04000e+04 2.52000e+02 -2.05431e+02 -1.50754e+02 -2.60107e+02 -1.75923e+02 -1.62945e+02 -1.88902e+02
5.05600e+04 2.52000e+02 -2.05431e+02 -1.50754e+02 -2.60107e+02 -1.77195e+02 -1.67262e+02 -1.87127e+02
5.07200e+04 2.53000e+02 -2.39482e+02 -2.36217e+02 -2.42747e+02 -1.79244e+02 -1.70988e+02 -1.87499e+02
5.08800e+04 2.54000e+02 -1.26376e+02 -1.25951e+02 -1.26802e+02 -1.80251e+02 -1.72561e+02 -1.87941e+02
5.10400e+04 2.55000e+02 -1.68058e+02 -5.08329e+01 -2.85283e+02 -1.79949e+02 -1.71539e+02 -1.88359e+02
5.12000e+04 2.56000e+02 -1.96338e+02 -9.23890e+01 -3.00286e+02 -1.79067e+02 -1.67933e+02 -1.90202e+02
5.13600e+04 2.56000e+02 -1.96338e+02 -9.23890e+01 -3.00286e+02 -1.81344e+02 -1.67312e+02 -1.95376e+02
5.15200e+04 2.57000e+02 -2.82370e+02 -1.71195e+02 -3.93545e+02 -1.83756e+02 -1.69435e+02 -1.98078e+02
5.16800e+04 2.58000e+02 -1.25161e+02 -1.22614e+02 -1.27707e+02 -1.82480e+02 -1.69106e+02 -1.95854e+02
5.18400e+04 2.59000e+02 -2.01547e+02 -1.43122e+02 -2.59973e+02 -1.80392e+02 -1.68048e+02 -1.92737e+02
5.20000e+04 2.60000e+02 -1.61915e+02 -1.06718e+02 -2.17112e+02 -1.82643e+02 -1.69973e+02 -1.95313e+02
5.21600e+04 2.60000e+02 -1.61915e+02 -1.06718e+02 -2.17112e+02 -1.81220e+02 -1.67247e+02 -1.95193e+02
5.23200e+04 2.61000e+02 -2.01369e+02 -1.48914e+02 -2.53825e+02 -1.79438e+02 -1.60976e+02 -1.97900e+02
5.24800e+04 2.62000e+02 -2.47534e+02 -1.51121e+02 -3.43947e+02 -1.78763e+02 -1.57866e+02 -1.99660e+02
5.26400e+04 2.63000e+02 -2.64937e+02 -7.10136e+01 -4.58860e+02 -1.80718e+02 -1.57960e+02 -2.03476e+02
5.28000e+04 2.64000e+02 -2.79739e+02 -5.62112e+01 -5.03266e+02 -1.86381e+02 -1.57509e+02 -2.15252e+02
5.29600e+04 2.64000e+02 -2.79739e+02 -5.62112e+01 -5.03266e+02 -1.91444e+02 -1.56524e+02 -2.26364e+02
5.31200e+04 2.65000e+02 -3.87759e+02 -2.57816e+02 -5.17701e+02 -1.93470e+02 -1.61627e+02 -2.25313e+02
5.32800e+04 2.66000e+02 -2.01961e+02 -1.49111e+02 -2.54812e+02 -1.94745e+02 -1.65230e+02 -2.24259e+02
5.34400e+04 2.67000e+02 -1.70238e+02 -8.44400e+00 -3.32031e+02 -1.95683e+02 -1.65007e+02 -2.26359e+02
5.36000e+04 2.68000e+02 -2.42859e+02 -2.32494e+02 -2.53224e+02 -1.96268e+02 -1.60110e+02 -2.32426e+02
5.37600e+04 2.68000e+02 -2.42859e+02 -2.32494e+02 -2.53224e+02 -2.01352e+02 -1.65898e+02 -2.36805e+02
5.39200e+04 2.69000e+02 -1.24747e+02 -1.20534e+02 -1.28961e+02 -2.02278e+02 -1.66912e+02 -2.37644e+02
5.40800e+04 2.70000e+02 -1.24175e+02 -2.71700e+01 -2.21179e+02 -2.02241e+02 -1.65350e+02 -2.39132e+02
5.42400e+04 2.71000e+02 -2.36589e+02 1.22017e+01 -4.85379e+02 -2.02902e+02 -1.67200e+02 -2.38605e+02
5.44000e+04 2.72000e+02 -3.73169e+02 -2.55081e+02 -4.91256e+02 -2.05307e+02 -1.77623e+02 -2.32991e+02
5.45600e+04 2.72000e+02 -3.73169e+02 -2.55081e+02 -4.91256e+02 -2.10680e+02 -1.85091e+02 -2.36269e+02
5.47200e+04 2.73000e+02 -2.41891e+02 -1.47611e+02 -3.36171e+02 -2.12827e+02 -1.86889e+02 -2.38765e+02
5.48800e+04 2.74000e+02 -1.65476e+02 -1.03815e+02 -2.27138e+02 -2.14169e+02 -1.86274e+02 -2.42064e+02
5.50400e+04 2.75000e+02 -1.61685e+02 -1.11324e+02 -2.12046e+02 -2.15105e+02 -1.87353e+02 -2.42858e+02
5.52000e+04 2.76000e+02 -1.28595e+02 -1.26858e+02 -1.30332e+02 -2.14996e+02 -1.92391e+02 -2.37601e+02
5.53600e+04 2.76000e+02 -1.28595e+02 -1.26858e+02 -1.30332e+02 -2.11106e+02 -1.94090e+02 -2.28121e+02
5.55200e+04 2.77000e+02 -1.96838e+02 -9.44563e+01 -2.99220e+02 -2.10153e+02 -1.96719e+02 -2.23586e+02
5.56800e+04 2.78000e+02 -1.66979e+02 -1.08739e+02 -2.25219e+02 -2.08727e+02 -1.95276e+02 -2.22179e+02
5.58400e+04 2.79000e+02 -1.67151e+02 -1.02706e+02 -2.31595e+02 -2.07540e+02 -1.92102e+02 -2.22978e+02
5.60000e+04 2.80000e+02 -1.23573e+02 -2.71885e+01 -2.19958e+02 -2.08674e+02 -1.91245e+02 -2.26104e+02
5.61600e+04 2.80000e+02 -1.23573e+02 -2.71885e+01 -2.19958e+02 -2.07251e+02 -1.88636e+02 -2.25865e+02
5.63200e+04 2.81000e+02 -1.63069e+02 -1.58801e+01 -3.10257e+02 -2.06119e+02 -1.82414e+02 -2.29824e+02
5.64800e+04 2.82000e+02 -2.02635e+02 -1.86480e+00 -4.03405e+02 -2.04218e+02 -1.74855e+02 -2.33580e+02
5.66400e+04 2.83000e+02 -1.20475e+02 -2.50819e+01 -2.15868e+02 -2.02417e+02 -1.68238e+02 -2.36596e+02
5.68000e+04 2.84000e+02 -1.61257e+02 -1.02485e+02 -2.20030e+02 -2.02195e+02 -1.65443e+02 -2.38948e+02
5.69600e+04 2.84000e+02 -1.61257e+02 -1.02485e+02 -2.20030e+02 -2.00906e+02 -1.66077e+02 -2.35736e+02
5.71200e+04 2.85000e+02 -1.23369e+02 -1.21481e+02 -1.25257e+02 -1.99662e+02 -1.66574e+02 -2.32751e+02
5.72800e+04 2.86000e+02 -2.24993e+02 8.08069e+00 -4.58066e+02 -1.99548e+02 -1.69491e+02 -2.29605e+02
5.74400e+04 2.87000e+02 -1.57844e+02 -4.77461e+01 -2.67942e+02 -1.99171e+02 -1.72835e+02 -2.25506e+02
5.76000e+04 2.88000e+02 -8.18906e+01 -2.47993e+01 -1.38982e+02 -1.96114e+02 -1.74414e+02 -2.17814e+02
5.77600e+04 2.88000e+02 -8.18906e+01 -2.47993e+01 -1.38982e+02 -1.90256e+02 -1.71759e+02 -2.08753e+02
5.79200e+04 2.89000e+02 -2.03615e+02 -1.50767e+02 -2.56463e+02 -1.87179e+02 -1.71035e+02 -2.03324e+02
5.80800e+04 2.90000e+02 -8.64194e+01 -2.81101e+01 -1.44729e+02 -1.80689e+02 -1.61587e+02 -1.99791e+02
5.82400e+04 2.91000e+02 -1.24412e+02 -1.21789e+02 -1.27034e+02 -1.73284e+02 -1.50024e+02 -1.96545e+02
5.84000e+04 2.92000e+02 -1.59456e+02 -1.06582e+02 -2.12330e+02 -1.70936e+02 -1.47634e+02 -1.94238e+02
5.85600e+04 2.92000e+02 -1.59456e+02 -1.06582e+02 -2.12330e+02 -1.70591e+02 -1.51511e+02 -1.89671e+02
5.87200e+04 2.93000e+02 -2.07161e+02 -9.39315e+01 -3.20390e+02 -1.69598e+02 -1.48688e+02 -1.90509e+02
5.88800e+04 2.94000e+02 -1.67710e+02 -1.11995e+02 -2.23425e+02 -1.69872e+02 -1.46707e+02 -1.93036e+02
5.90400e+04 2.95000e+02 -2.53192e+02 -6.88715e+01 -4.37513e+02 -1.72107e+02 -1.47497e+02 -1.96717e+02
5.92000e+04 2.96000e+02 -2.68157e+02 -1.44798e+02 -3.91515e+02 -1.76041e+02 -1.50476e+02 -2.01606e+02
5.93600e+04 2.96000e+02 -2.68157e+02 -1.44798e+02 -3.91515e+02 -1.77051e+02 -1.56210e+02 -1.97891e+02
5.95200e+04 2.97000e+02 -2.11157e+02 -1.54354e+02 -2.67959e+02 -1.73028e+02 -1.48204e+02 -1.97852e+02
5.96800e+04 2.98000e+02 -2.16990e+02 -5.58329e+01 -3.78147e+02 -1.70312e+02 -1.42238e+02 -1.98385e+02
5.98400e+04 2.99000e+02 -2.02900e+02 -5.34962e+01 -3.52303e+02 -1.70138e+02 -1.39544e+02 -2.00733e+02
6.00000e+04 3.00000e+02 -1.77691e+02 -8.78128e+00 -3.46600e+02 -1.71293e+02 -1.37169e+02 -2.05417e+02
6.01600e+04 3.00000e+02 -1.77691e+02 -8.78128e+00 -3.46600e+02 -1.71805e+02 -1.40654e+02 -2.02957e+02
6.03200e+04 3.01000e+02 -2.91968e+02 -1.31761e+02 -4.52175e+02 -1.76149e+02 -1.45733e+02 -2.06565e+02
6.04800e+04 3.02000e+02 -4.72610e+02 -1.45215e+02 -8.00005e+02 -1.83400e+02 -1.52491e+02 -2.14309e+02
6.06400e+04 3.03000e+02 -1.66257e+02 -1.06699e+02 -2.25815e+02 -1.89460e+02 -1.56220e+02 -2.22700e+02
6.08000e+04 3.04000e+02 -2.09512e+02 -9.18672e+01 -3.27157e+02 -1.89523e+02 -1.57115e+02 -2.21930e+02
6.09600e+04 3.04000e+02 -2.09512e+02 -9.18672e+01 -3.27157e+02 -1.90878e+02 -1.57253e+02 -2.24503e+02
6.11200e+04 3.05000e+02 -2.45084e+02 -7.44658e+01 -4.15703e+02 -1.94292e+02 -1.58642e+02 -2.29942e+02
6.12800e+04 3.06000e+02 -2.47586e+02 -1.45244e+02 -3.49927e+02 -1.97514e+02 -1.64987e+02 -2.30041e+02
6.14400e+04 3.07000e+02 -1.65138e+02 -1.08431e+02 -2.21846e+02 -1.98999e+02 -1.72574e+02 -2.25424e+02
6.16000e+04 3.08000e+02 -2.79475e+02 -1.71577e+02 -3.87374e+02 -1.98192e+02 -1.75119e+02 -2.21265e+02
6.17600e+04 3.08000e+02 -2.79475e+02 -1.71577e+02 -3.87374e+02 -2.03280e+02 -1.79320e+02 -2.27240e+02
6.19200e+04 3.09000e+02 -2.73827e+02 -1.70551e+02 -3.77104e+02 -2.07160e+02 -1.82903e+02 -2.31418e+02
6.20800e+04 3.10000e+02 -2.51559e+02 -1.50130e+02 -3.52987e+02 -2.11044e+02 -1.84979e+02 -2.37108e+02
6.22400e+04 3.11000e+02 -1.99637e+02 -1.48706e+02 -2.50568e+02 -2.13610e+02 -1.85403e+02 -2.41817e+02
6.24000e+04 3.12000e+02 -2.04543e+02 -1.50539e+02 -2.58546e+02 -2.12943e+02 -1.83204e+02 -2.42683e+02
6.25600e+04 3.12000e+02 -2.04543e+02 -1.50539e+02 -2.58546e+02 -2.14438e+02 -1.81820e+02 -2.47055e+02
6.27200e+04 3.13000e+02 -2.14532e+02 -8.35020e+01 -3.45563e+02 -2.18166e+02 -1.86269e+02 -2.50063e+02
6.28800e+04 3.14000e+02 -1.64582e+02 -1.05173e+02 -2.23990e+02 -2.19321e+02 -1.88841e+02 -2.49801e+02
6.30400e+04 3.15000e+02 -2.70387e+02 -5.86349e+01 -4.82138e+02 -2.20302e+02 -1.89617e+02 -2.50987e+02
6.32000e+04 3.16000e+02 -2.04625e+02 -9.22326e+01 -3.17017e+02 -2.25981e+02 -1.91421e+02 -2.60542e+02
6.33600e+04 3.16000e+02 -2.04625e+02 -9.22326e+01 -3.17017e+02 -2.28548e+02 -1.93948e+02 -2.63149e+02
6.35200e+04 3.17000e+02 -2.37728e+02 -1.40830e+02 -3.34625e+02 -2.31065e+02 -1.96091e+02 -2.66038e+02
6.36800e+04 3.18000e+02 -1.21170e+02 -1.17554e+02 -1.24786e+02 -2.30613e+02 -1.95770e+02 -2.65455e+02
6.38400e+04 3.19000e+02 -1.26119e+02 -1.22859e+02 -1.29380e+02 -2.28305e+02 -1.93867e+02 -2.62743e+02
6.40000e+04 3.20000e+02 -1.21673e+02 -1.18929e+02 -1.24417e+02 -2.26794e+02 -1.92880e+02 -2.60708e+02
6.41600e+04 3.20000e+02 -1.21673e+02 -1.18929e+02 -1.24417e+02 -2.22585e+02 -1.93557e+02 -2.51614e+02
6.43200e+04 3.21000e+02 -2.05821e+02 -9.53901e+01 -3.16253e+02 -2.20175e+02 -1.96070e+02 -2.44280e+02
6.44800e+04 3.22000e+02 -8.20188e+01 -2.55981e+01 -1.38440e+02 -2.16979e+02 -1.96612e+02 -2.37345e+02
6.46400e+04 3.23000e+02 -1.33196e+02 5.28947e+01 -3.19288e+02 -2.13299e+02 -1.93682e+02 -2.32917e+02
6.48000e+04 3.24000e+02 -3.32190e+02 -3.57958e+01 -6.28584e+02 -2.11044e+02 -1.88614e+02 -2.33475e+02
6.49600e+04 3.24000e+02 -3.32190e+02 -3.57958e+01 -6.28584e+02 -2.15182e+02 -2.05923e+02 -2.24440e+02
6.51200e+04 3.25000e+02 -1.26409e+02 -1.23273e+02 -1.29545e+02 -2.14624e+02 -2.03151e+02 -2.26096e+02
6.52800e+04 3.26000e+02 -2.83713e+02 -1.35636e+02 -4.31790e+02 -2.13757e+02 -1.99091e+02 -2.28424e+02
6.54400e+04 3.27000e+02 -2.22174e+02 -5.27760e+01 -3.91572e+02 -2.11071e+02 -1.97615e+02 -2.24528e+02
6.56000e+04 3.28000e+02 -1.25430e+02 -2.28050e+01 -2.28054e+02 -2.03476e+02 -1.94909e+02 -2.12043e+02
6.57600e+04 3.28000e+02 -1.25430e+02 -2.28050e+01 -2.28054e+02 -2.02170e+02 -1.93231e+02 -2.11109e+02
6.59200e+04 3.29000e+02 -1.61615e+02 -1.05599e+02 -2.17631e+02 -2.00680e+02 -1.90899e+02 -2.10461e+02
6.60800e+04 3.30000e+02 -1.26456e+02 -1.25939e+02 -1.26972e+02 -1.97874e+02 -1.90690e+02 -2.05058e+02
6.62400e+04 3.31000e+02 -1.25675e+02 -1.24097e+02 -1.27252e+02 -1.94045e+02 -1.90497e+02 -1.97593e+02
6.64000e+04 3.32000e+02 -1.63427e+02 -1.05460e+02 -2.21394e+02 -1.90384e+02 -1.85049e+02 -1.95720e+02
6.65600e+04 3.32000e+02 -1.63427e+02 -1.05460e+02 -2.21394e+02 -1.90330e+02 -1.83501e+02 -1.97158e+02
6.67200e+04 3.33000e+02 -1.65166e+02 -1.09068e+02 -2.21263e+02 -1.87347e+02 -1.82644e+02 -1.92051e+02
6.68800e+04 3.34000e+02 -1.59570e+02 -1.03539e+02 -2.15602e+02 -1.83690e+02 -1.78867e+02 -1.88514e+02
6.70400e+04 3.35000e+02 -2.79517e+02 -2.25927e+02 -3.33108e+02 -1.81456e+02 -1.74526e+02 -1.88386e+02
6.72000e+04 3.36000e+02 -2.07338e+02 -8.62207e+01 -3.28455e+02 -1.82311e+02 -1.73795e+02 -1.90826e+02
6.73600e+04 3.36000e+02 -2.07338e+02 -8.62207e+01 -3.28455e+02 -1.82557e+02 -1.73562e+02 -1.91552e+02
6.75200e+04 3.37000e+02 -2.45246e+02 -1.51649e+02 -3.38843e+02 -1.83661e+02 -1.71012e+02 -1.96310e+02
6.76800e+04 3.38000e+02 -1.62268e+02 -1.04623e+02 -2.19913e+02 -1.83291e+02 -1.69732e+02 -1.96850e+02
6.78400e+04 3.39000e+02 -1.24947e+02 -1.22005e+02 -1.27889e+02 -1.81744e+02 -1.69580e+02 -1.93908e+02
6.80000e+04 3.40000e+02 -2.89879e+02 -1.29833e+02 -4.49925e+02 -1.80594e+02 -1.68921e+02 -1.92267e+02
6.81600e+04 3.40000e+02 -2.89879e+02 -1.29833e+02 -4.49925e+02 -1.81218e+02 -1.60685e+02 -2.01751e+02
6.83200e+04 3.41000e+02 -2.04340e+02 -1.46408e+02 -2.62272e+02 -1.81328e+02 -1.59545e+02 -2.03110e+02
6.84800e+04 3.42000e+02 -1.25603e+02 -2.49352e+01 -2.26271e+02 -1.79305e+02 -1.59225e+02 -1.99386e+02
6.86400e+04 3.43000e+02 -1.63243e+02 -1.05868e+02 -2.20618e+02 -1.77259e+02 -1.59510e+02 -1.95008e+02
6.88000e+04 3.44000e+02 -1.23629e+02 -1.19314e+02 -1.27944e+02 -1.78516e+02 -1.60970e+02 -1.96063e+02
6.89600e+04 3.44000e+02 -1.23629e+02 -1.19314e+02 -1.27944e+02 -1.78437e+02 -1.60843e+02 -1.96030e+02
6.91200e+04 3.45000e+02 -1.24611e+02 -2.56438e+01 -2.23579e+02 -1.78498e+02 -1.58393e+02 -1.98603e+02
6.92800e+04 3.46000e+02 -1.59374e+02 -1.06321e+02 -2.12427e+02 -1.77703e+02 -1.57788e+02 -1.97618e+02
6.94400e+04 3.47000e+02 -1.63158e+02 -1.03827e+02 -2.22490e+02 -1.77493e+02 -1.60252e+02 -1.94733e+02
6.96000e+04 3.48000e+02 -1.23933e+02 -2.40444e+01 -2.23822e+02 -1.79908e+02 -1.65883e+02 -1.93934e+02
6.97600e+04 3.48000e+02 -1.23933e+02 -2.40444e+01 -2.23822e+02 -1.79612e+02 -1.64101e+02 -1.95123e+02
6.99200e+04 3.49000e+02 -1.22939e+02 -1.20723e+02 -1.25155e+02 -1.74116e+02 -1.64723e+02 -1.83509e+02
7.00800e+04 3.50000e+02 -8.46305e+01 -2.61103e+01 -1.43151e+02 -1.70434e+02 -1.62384e+02 -1.78485e+02
7.02400e+04 3.51000e+02 -1.65090e+02 -1.05486e+02 -2.24694e+02 -1.68329e+02 -1.58207e+02 -1.78451e+02
7.04000e+04 3.52000e+02 -8.51964e+01 -2.62613e+01 -1.44131e+02 -1.64496e+02 -1.52008e+02 -1.76984e+02
7.05600e+04 3.52000e+02 -8.51964e+01 -2.62613e+01 -1.44131e+02 -1.60113e+02 -1.46444e+02 -1.73783e+02
7.07200e+04 3.53000e+02 -2.55424e+02 -1.46718e+02 -3.64130e+02 -1.62671e+02 -1.52265e+02 -1.73078e+02
7.08800e+04 3.54000e+02 -2.55668e+02 -1.48577e+02 -3.62759e+02 -1.66184e+02 -1.58250e+02 -1.74118e+02
7.10400e+04 3.55000e+02 -3.23143e+02 -1.74480e+02 -4.71805e+02 -1.70220e+02 -1.60927e+02 -1.79514e+02
7.12000e+04 3.56000e+02 -2.47415e+02 -7.48335e+01 -4.19996e+02 -1.76364e+02 -1.62332e+02 -1.90396e+02
7.13600e+04 3.56000e+02 -2.47415e+02 -7.48335e+01 -4.19996e+02 -1.80260e+02 -1.61591e+02 -1.98929e+02
7.15200e+04 3.57000e+02 -1.25467e+02 -1.22146e+02 -1.28788e+02 -1.80003e+02 -1.61672e+02 -1.98334e+02
7.16800e+04 3.58000e+02 -2.79582e+02 -1.73561e+02 -3.85603e+02 -1.81532e+02 -1.64650e+02 -1.98413e+02
7.18400e+04 3.59000e+02 -2.36559e+02 -1.42606e+02 -3.30512e+02 -1.84818e+02 -1.68438e+02 -2.01199e+02
7.20000e+04 3.60000e+02 -8.49558e+01 -2.58815e+01 -1.44030e+02 -1.86739e+02 -1.69184e+02 -2.04294e+02
7.21600e+04 3.60000e+02 -8.49558e+01 -2.58815e+01 -1.44030e+02 -1.80513e+02 -1.64714e+02 -1.96312e+02
7.23200e+04 3.61000e+02 -3.38955e+02 -1.87663e+02 -4.90248e+02 -1.82768e+02 -1.68950e+02 -1.96586e+02
7.24800e+04 3.62000e+02 -1.59190e+02 -1.08224e+02 -2.10156e+02 -1.83061e+02 -1.70816e+02 -1.95306e+02
7.26400e+04 3.63000e+02 -1.62949e+02 -4.91918e+01 -2.76706e+02 -1.81175e+02 -1.72944e+02 -1.89405e+02
7.28000e+04 3.64000e+02 -1.59052e+02 -1.03551e+02 -2.14553e+02 -1.81264e+02 -1.78112e+02 -1.84415e+02
7.29600e+04 3.64000e+02 -1.59052e+02 -1.03551e+02 -2.14553e+02 -1.82355e+02 -1.80244e+02 -1.84466e+02
7.31200e+04 3.65000e+02 -1.24756e+02 -1.23487e+02 -1.26025e+02 -1.78266e+02 -1.73000e+02 -1.83532e+02
7.32800e+04 3.66000e+02 -2.06073e+02 3.29076e+00 -4.15436e+02 -1.75986e+02 -1.64497e+02 -1.87474e+02
7.34400e+04 3.67000e+02 -2.78671e+02 -2.29694e+02 -3.27647e+02 -1.77554e+02 -1.61692e+02 -1.93417e+02
7.36000e+04 3.68000e+02 -1.60880e+02 -1.05405e+02 -2.16355e+02 -1.82142e+02 -1.69794e+02 -1.94490e+02
7.37600e+04 3.68000e+02 -1.60880e+02 -1.05405e+02 -2.16355e+02 -1.82066e+02 -1.72099e+02 -1.92034e+02
7.39200e+04 3.69000e+02 -2.07087e+02 -1.45424e+02 -2.68750e+02 -1.84222e+02 -1.73429e+02 -1.95015e+02
7.40800e+04 3.70000e+02 -1.26567e+02 -1.25879e+02 -1.27255e+02 -1.85426e+02 -1.73018e+02 -1.97833e+02
7.42400e+04 3.71000e+02 -1.24909e+02 -1.23744e+02 -1.26074e+02 -1.85124e+02 -1.71724e+02 -1.98524e+02
7.44000e+04 3.72000e+02 -3.56903e+02 -1.85655e+02 -5.28151e+02 -1.84477e+02 -1.72285e+02 -1.96670e+02
7.45600e+04 3.72000e+02 -3.56903e+02 -1.85655e+02 -5.28151e+02 -1.90677e+02 -1.81606e+02 -1.99749e+02
7.47200e+04 3.73000e+02 -1.64163e+02 -1.07656e+02 -2.20670e+02 -1.92886e+02 -1.81889e+02 -2.03882e+02
7.48800e+04 3.74000e+02 -3.26793e+02 -2.57601e+02 -3.95986e+02 -1.97118e+02 -1.83313e+02 -2.10924e+02
7.50400e+04 3.75000e+02 -1.61342e+02 -1.06536e+02 -2.16148e+02 -2.02370e+02 -1.86012e+02 -2.18729e+02
7.52000e+04 3.76000e+02 -1.62522e+02 -1.12118e+02 -2.12926e+02 -2.04666e+02 -1.85286e+02 -2.24047e+02
7.53600e+04 3.76000e+02 -1.62522e+02 -1.12118e+02 -2.12926e+02 -2.04584e+02 -1.88184e+02 -2.20985e+02
7.55200e+04 3.77000e+02 -2.73163e+02 -2.37852e+02 -3.08475e+02 -2.09456e+02 -1.95157e+02 -2.23755e+02
7.56800e+04 3.78000e+02 -2.04754e+02 -8.65586e+01 -3.22949e+02 -2.11176e+02 -2.00276e+02 -2.22076e+02
7.58400e+04 3.79000e+02 -1.99350e+02 -9.28922e+01 -3.05808e+02 -2.09497e+02 -2.00983e+02 -2.18012e+02
7.60000e+04 3.80000e+02 -2.50443e+02 -7.20241e+01 -4.28862e+02 -2.07662e+02 -1.95162e+02 -2.20162e+02
7.61600e+04 3.80000e+02 -2.50443e+02 -7.20241e+01 -4.28862e+02 -2.05336e+02 -1.86592e+02 -2.24081e+02
7.63200e+04 3.81000e+02 -1.60476e+02 -1.03729e+02 -2.17223e+02 -2.02639e+02 -1.82091e+02 -2.23187e+02
7.64800e+04 3.82000e+02 -1.61724e+02 -1.04669e+02 -2.18779e+02 -2.02075e+02 -1.80143e+02 -2.24007e+02
7.66400e+04 3.83000e+02 -1.98775e+02 -1.42377e+02 -2.55174e+02 -2.02065e+02 -1.78783e+02 -2.25347e+02
7.68000e+04 3.84000e+02 -1.64748e+02 -1.05476e+02 -2.24020e+02 -1.99497e+02 -1.75580e+02 -2.23414e+02
7.69600e+04 3.84000e+02 -1.64748e+02 -1.05476e+02 -2.24020e+02 -1.97199e+02 -1.73325e+02 -2.21073e+02
7.71200e+04 3.85000e+02 -1.23687e+02 -1.19706e+02 -1.27668e+02 -1.97775e+02 -1.75153e+02 -2.20397e+02
7.72800e+04 3.86000e+02 -1.62091e+02 -1.09305e+02 -2.14876e+02 -1.95133e+02 -1.76353e+02 -2.13913e+02
7.74400e+04 3.87000e+02 -1.22563e+02 -1.18169e+02 -1.26958e+02 -1.90877e+02 -1.76154e+02 -2.05599e+02
7.76000e+04 3.88000e+02 -2.37338e+02 -1.37420e+02 -3.37255e+02 -1.89927e+02 -1.76876e+02 -2.02978e+02
7.77600e+04 3.88000e+02 -2.37338e+02 -1.37420e+02 -3.37255e+02 -1.92307e+02 -1.82732e+02 -2.01881e+02
7.79200e+04 3.89000e+02 -1.24442e+02 -2.42748e+01 -2.24609e+02 -1.91853e+02 -1.81875e+02 -2.01832e+02
7.80800e+04 3.90000e+02 -1.22701e+02 -2.47811e+01 -2.20622e+02 -1.91332e+02 -1.80300e+02 -2.02363e+02
7.82400e+04 3.91000e+02 -1.59395e+02 -9.84033e+01 -2.20387e+02 -1.90820e+02 -1.79930e+02 -2.01709e+02
7.84000e+04 3.92000e+02 -1.27828e+02 -1.26585e+02 -1.29071e+02 -1.89118e+02 -1.79607e+02 -1.98629e+02
7.85600e+04 3.92000e+02 -1.27828e+02 -1.26585e+02 -1.29071e+02 -1.84291e+02 -1.75556e+02 -1.93026e+02
7.87200e+04 3.93000e+02 -2.05966e+02 -5.33033e+01 -3.58628e+02 -1.84558e+02 -1.72918e+02 -1.96198e+02
7.88800e+04 3.94000e+02 -1.60201e+02 -1.11306e+02 -2.09096e+02 -1.84345e+02 -1.73061e+02 -1.95630e+02
7.90400e+04 3.95000e+02 -1.62356e+02 -1.65861e+01 -3.08125e+02 -1.83671e+02 -1.76188e+02 -1.91155e+02
7.92000e+04 3.96000e+02 -1.25008e+02 -1.23855e+02 -1.26161e+02 -1.84746e+02 -1.81007e+02 -1.88485e+02
7.93600e+04 3.96000e+02 -1.25008e+02 -1.23855e+02 -1.26161e+02 -1.84749e+02 -1.81077e+02 -1.88421e+02
7.95200e+04 3.97000e+02 -1.69789e+02 -1.07976e+02 -2.31602e+02 -1.79885e+02 -1.73914e+02 -1.85855e+02
7.96800e+04 3.98000e+02 -1.25883e+02 -1.25546e+02 -1.26220e+02 -1.76576e+02 -1.69066e+02 -1.84086e+02
7.98400e+04 3.99000e+02 -1.95651e+02 -8.88685e+01 -3.02433e+02 -1.74422e+02 -1.66259e+02 -1.82585e+02
8.00000e+04 4.00000e+02 -8.58557e+01 -2.59037e+01 -1.45808e+02 -1.70337e+02 -1.59494e+02 -1.81180e+02
8.01600e+04 4.00000e+02 -8.58557e+01 -2.59037e+01 -1.45808e+02 -1.67921e+02 -1.55232e+02 -1.80610e+02
8.03200e+04 4.01000e+02 -2.61380e+02 -1.43915e+02 -3.78844e+02 -1.70039e+02 -1.58302e+02 -1.81776e+02
8.04800e+04 4.02000e+02 -1.66066e+02 -1.12153e+02 -2.19979e+02 -1.69495e+02 -1.58339e+02 -1.80651e+02
8.06400e+04 4.03000e+02 -1.61910e+02 -1.06894e+02 -2.16925e+02 -1.66710e+02 -1.56945e+02 -1.76476e+02
8.08000e+04 4.04000e+02 -2.41010e+02 -2.31301e+02 -2.50718e+02 -1.65508e+02 -1.58172e+02 -1.72845e+02
8.09600e+04 4.04000e+02 -2.41010e+02 -2.31301e+02 -2.50718e+02 -1.66841e+02 -1.60781e+02 -1.72902e+02
8.11200e+04 4.05000e+02 -2.05728e+02 -9.14025e+01 -3.20054e+02 -1.65929e+02 -1.61376e+02 -1.70481e+02
8.12800e+04 4.06000e+02 -2.38702e+02 -7.05555e+01 -4.06849e+02 -1.66711e+02 -1.60155e+02 -1.73267e+02
8.14400e+04 4.07000e+02 -1.24210e+02 -2.56092e+01 -2.22811e+02 -1.68057e+02 -1.58250e+02 -1.77864e+02
8.16000e+04 4.08000e+02 -2.02851e+02 -1.47165e+02 -2.58538e+02 -1.66939e+02 -1.57245e+02 -1.76634e+02
8.17600e+04 4.08000e+02 -2.02851e+02 -1.47165e+02 -2.58538e+02 -1.67070e+02 -1.57379e+02 -1.76760e+02
8.19200e+04 4.09000e+02 -2.06579e+02 -1.48808e+02 -2.64350e+02 -1.68182e+02 -1.56921e+02 -1.79443e+02
8.20800e+04 4.10000e+02 -4.20470e+01 1.38309e+01 -9.79248e+01 -1.67298e+02 -1.55368e+02 -1.79228e+02
8.22400e+04 4.11000e+02 -1.21012e+02 -2.32921e+01 -2.18733e+02 -1.65091e+02 -1.52332e+02 -1.77851e+02
8.24000e+04 4.12000e+02 -1.73903e+02 -6.36988e+00 -3.41436e+02 -1.63961e+02 -1.48363e+02 -1.79559e+02
8.25600e+04 4.12000e+02 -1.73903e+02 -6.36988e+00 -3.41436e+02 -1.65604e+02 -1.51312e+02 -1.79896e+02
8.27200e+04 4.13000e+02 -2.52098e+02 -1.47555e+02 -3.56640e+02 -1.66296e+02 -1.47579e+02 -1.85013e+02
8.28800e+04 4.14000e+02 -1.22689e+02 -1.19878e+02 -1.25500e+02 -1.66471e+02 -1.45011e+02 -1.87932e+02
8.30400e+04 4.15000e+02 -1.27560e+02 -1.26497e+02 -1.28623e+02 -1.66481e+02 -1.44118e+02 -1.88845e+02
8.32000e+04 4.16000e+02 -1.61180e+02 -1.03290e+02 -2.19069e+02 -1.66631e+02 -1.43172e+02 -1.90089e+02
8.33600e+04 4.16000e+02 -1.61180e+02 -1.03290e+02 -2.19069e+02 -1.66688e+02 -1.44833e+02 -1.88543e+02
8.35200e+04 4.17000e+02 -2.43920e+02 -2.39330e+02 -2.48510e+02 -1.69717e+02 -1.48044e+02 -1.91389e+02
8.36800e+04 4.18000e+02 -2.81316e+02 -1.67027e+02 -3.95605e+02 -1.72698e+02 -1.55502e+02 -1.89895e+02
8.38400e+04 4.19000e+02 -3.01523e+02 -1.74574e+02 -4.28473e+02 -1.75769e+02 -1.63283e+02 -1.88256e+02
8.40000e+04 4.20000e+02 -1.25755e+02 -2.48942e+01 -2.26615e+02 -1.79936e+02 -1.64454e+02 -1.95417e+02
8.41600e+04 4.20000e+02 -1.25755e+02 -2.48942e+01 -2.26615e+02 -1.78765e+02 -1.59058e+02 -1.98472e+02
8.43200e+04 4.21000e+02 -1.63821e+02 -4.91372e+01 -2.78505e+02 -1.79554e+02 -1.56628e+02 -2.02480e+02
8.44800e+04 4.22000e+02 -1.99836e+02 -1.48143e+02 -2.51529e+02 -1.80638e+02 -1.58187e+02 -2.03090e+02
8.46400e+04 4.23000e+02 -2.44010e+02 -1.45423e+02 -3.42597e+02 -1.82481e+02 -1.63190e+02 -2.01771e+02
8.48000e+04 4.24000e+02 -2.00802e+02 -9.20187e+01 -3.09586e+02 -1.86035e+02 -1.69517e+02 -2.02553e+02
8.49600e+04 4.24000e+02 -2.00802e+02 -9.20187e+01 -3.09586e+02 -1.86200e+02 -1.65931e+02 -2.06469e+02
8.51200e+04 4.25000e+02 -1.98255e+02 -8.42793e+01 -3.12231e+02 -1.89153e+02 -1.66161e+02 -2.12144e+02
8.52800e+04 4.26000e+02 -2.28967e+02 -1.45908e+02 -3.12026e+02 -1.90143e+02 -1.66517e+02 -2.13770e+02
8.54400e+04 4.27000e+02 -2.02003e+02 -4.84621e+01 -3.55544e+02 -1.89789e+02 -1.67669e+02 -2.11909e+02
8.56000e+04 4.28000e+02 -1.93439e+02 -1.00608e+02 -2.86269e+02 -1.90931e+02 -1.72346e+02 -2.09516e+02
8.57600e+04 4.28000e+02 -1.93439e+02 -1.00608e+02 -2.86269e+02 -1.91939e+02 -1.75209e+02 -2.08669e+02
8.59200e+04 4.29000e+02 -3.05633e+02 -1.75821e+02 -4.35445e+02 -1.93809e+02 -1.76399e+02 -2.11218e+02
8.60800e+04 4.30000e+02 -2.03714e+02 -9.18956e+01 -3.15532e+02 -1.94677e+02 -1.76567e+02 -2.12787e+02
8.62400e+04 4.31000e+02 -1.80969e+02 -1.05003e+01 -3.51439e+02 -1.94056e+02 -1.77049e+02 -2.11062e+02
8.64000e+04 4.32000e+02 -2.41023e+02 -2.34165e+02 -2.47881e+02 -1.92558e+02 -1.78709e+02 -2.06406e+02
8.65600e+04 4.32000e+02 -2.41023e+02 -2.34165e+02 -2.47881e+02 -1.96296e+02 -1.83780e+02 -2.08812e+02
8.67200e+04 4.33000e+02 -1.64826e+02 -1.08331e+02 -2.21321e+02 -1.96008e+02 -1.84018e+02 -2.07998e+02
8.68800e+04 4.34000e+02 -1.62003e+02 -1.05778e+02 -2.18228e+02 -1.94673e+02 -1.82593e+02 -2.06753e+02
8.70400e+04 4.35000e+02 -1.29231e+02 -1.28663e+02 -1.29799e+02 -1.94564e+02 -1.82013e+02 -2.07115e+02
8.72000e+04 4.36000e+02 -1.65618e+02 -1.11421e+02 -2.19814e+02 -1.97269e+02 -1.85307e+02 -2.09230e+02
8.73600e+04 4.36000e+02 -1.65618e+02 -1.11421e+02 -2.19814e+02 -1.98696e+02 -1.85810e+02 -2.11582e+02
8.75200e+04 4.37000e+02 -3.33483e+02 -1.85629e+02 -4.81337e+02 -2.03113e+02 -1.92421e+02 -2.13805e+02
8.76800e+04 4.38000e+02 -2.06843e+02 -1.47107e+02 -2.66579e+02 -2.04532e+02 -1.95891e+02 -2.13174e+02
8.78400e+04 4.39000e+02 -2.00934e+02 -1.44598e+02 -2.57270e+02 -2.04319e+02 -1.96617e+02 -2.12022e+02
8.80000e+04 4.40000e+02 -2.41548e+02 -1.46108e+02 -3.36987e+02 -2.06894e+02 -1.99704e+02 -2.14085e+02
8.81600e+04 4.40000e+02 -2.41548e+02 -1.46108e+02 -3.36987e+02 -2.10542e+02 -2.03450e+02 -2.17635e+02
8.83200e+04 4.41000e+02 -1.21877e+02 -2.31149e+01 -2.20639e+02 -2.10204e+02 -2.01626e+02 -2.18783e+02
8.84800e+04 4.42000e+02 -2.08158e+02 -9.48984e+01 -3.21417e+02 -2.09010e+02 -1.98673e+02 -2.19348e+02
8.86400e+04 4.43000e+02 -1.76125e+02 -1.01005e+02 -2.51246e+02 -2.07172e+02 -1.95479e+02 -2.18864e+02
8.88000e+04 4.44000e+02 -1.31925e+02 -2.16222e+01 -2.42228e+02 -2.03677e+02 -1.91622e+02 -2.15732e+02
8.89600e+04 4.44000e+02 -1.31925e+02 -2.16222e+01 -2.42228e+02 -1.98250e+02 -1.89503e+02 -2.06996e+02
8.91200e+04 4.45000e+02 -4.29386e+01 1.46438e+01 -1.00521e+02 -1.95078e+02 -1.87295e+02 -2.02861e+02
8.92800e+04 4.46000e+02 -1.96987e+02 -9.71761e+01 -2.96798e+02 -1.94516e+02 -1.88468e+02 -2.00564e+02
8.94400e+04 4.47000e+02 -7.87279e+01 -2.49471e+01 -1.32509e+02 -1.94035e+02 -1.90485e+02 -1.97585e+02
8.96000e+04 4.48000e+02 -1.65148e+02 -1.11072e+02 -2.19225e+02 -1.90244e+02 -1.86196e+02 -1.94291e+02
8.97600e+04 4.48000e+02 -1.65148e+02 -1.11072e+02 -2.19225e+02 -1.87720e+02 -1.81964e+02 -1.93477e+02
8.99200e+04 4.49000e+02 -2.81005e+02 -1.65929e+02 -3.96081e+02 -1.89332e+02 -1.84821e+02 -1.93843e+02
9.00800e+04 4.50000e+02 -8.39349e+01 -2.59422e+01 -1.41928e+02 -1.88397e+02 -1.85883e+02 -1.90911e+02
9.02400e+04 4.51000e+02 -2.35190e+02 -1.39570e+02 -3.30811e+02 -1.85945e+02 -1.84735e+02 -1.87155e+02
9.04000e+04 4.52000e+02 -1.21318e+02 -1.17524e+02 -1.25111e+02 -1.85970e+02 -1.80285e+02 -1.91654e+02
9.05600e+04 4.52000e+02 -1.21318e+02 -1.17524e+02 -1.25111e+02 -1.83388e+02 -1.79071e+02 -1.87705e+02
9.07200e+04 4.53000e+02 -2.02085e+02 -9.84525e+01 -3.05717e+02 -1.83129e+02 -1.78784e+02 -1.87473e+02
9.08800e+04 4.54000e+02 -2.93458e+02 -1.20602e+02 -4.66313e+02 -1.83031e+02 -1.80907e+02 -1.85154e+02
9.10400e+04 4.55000e+02 -1.65274e+02 -1.06157e+02 -2.24392e+02 -1.82378e+02 -1.74223e+02 -1.90534e+02
9.12000e+04 4.56000e+02 -1.97160e+02 -1.43154e+02 -2.51166e+02 -1.81258e+02 -1.72868e+02 -1.89648e+02
9.13600e+04 4.56000e+02 -1.97160e+02 -1.43154e+02 -2.51166e+02 -1.81776e+02 -1.79605e+02 -1.83946e+02
9.15200e+04 4.57000e+02 -2.75011e+02 -1.69636e+02 -3.80385e+02 -1.82757e+02 -1.78306e+02 -1.87207e+02
9.16800e+04 4.58000e+02 -2.01466e+02 -9.80403e+01 -3.04892e+02 -1.83892e+02 -1.76284e+02 -1.91499e+02
9.18400e+04 4.59000e+02 -2.41608e+02 -1.51940e+02 -3.31275e+02 -1.85494e+02 -1.75832e+02 -1.95156e+02
9.20000e+04 4.60000e+02 -1.58940e+02 -4.84526e+01 -2.69427e+02 -1.87942e+02 -1.78867e+02 -1.97017e+02
9.21600e+04 4.60000e+02 -1.58940e+02 -4.84526e+01 -2.69427e+02 -1.88892e+02 -1.79465e+02 -1.98319e+02
9.23200e+04 4.61000e+02 -1.64083e+02 -1.10941e+02 -2.17225e+02 -1.89031e+02 -1.79507e+02 -1.98554e+02
9.24800e+04 4.62000e+02 -3.62576e+02 -3.51707e+02 -3.73445e+02 -1.89532e+02 -1.80084e+02 -1.98981e+02
9.26400e+04 4.63000e+02 -2.38346e+02 -2.32084e+02 -2.44608e+02 -1.90488e+02 -1.79851e+02 -2.01125e+02
9.28000e+04 4.64000e+02 -2.02082e+02 -1.45933e+02 -2.58232e+02 -1.91435e+02 -1.79441e+02 -2.03429e+02
9.29600e+04 4.64000e+02 -2.02082e+02 -1.45933e+02 -2.58232e+02 -1.91472e+02 -1.77075e+02 -2.05868e+02
9.31200e+04 4.65000e+02 -2.88521e+02 -5.94536e+01 -5.17588e+02 -1.92700e+02 -1.85065e+02 -2.00335e+02
9.32800e+04 4.66000e+02 -2.02375e+02 -1.49869e+02 -2.54881e+02 -1.94807e+02 -1.89199e+02 -2.00415e+02
9.34400e+04 4.67000e+02 -2.44854e+02 -1.45955e+02 -3.43753e+02 -1.96944e+02 -1.91019e+02 -2.02870e+02
9.36000e+04 4.68000e+02 -1.66026e+02 -1.11290e+02 -2.20762e+02 -1.98025e+02 -1.91649e+02 -2.04401e+02
9.37600e+04 4.68000e+02 -1.66026e+02 -1.11290e+02 -2.20762e+02 -1.97702e+02 -1.94613e+02 -2.00791e+02
9.39200e+04 4.69000e+02 -8.57899e+01 -2.61654e+01 -1.45414e+02 -1.96442e+02 -1.93916e+02 -1.98967e+02
9.40800e+04 4.70000e+02 -1.21304e+02 -1.19926e+02 -1.22681e+02 -1.97207e+02 -1.93530e+02 -2.00883e+02
9.42400e+04 4.71000e+02 -1.62949e+02 -1.07356e+02 -2.18541e+02 -1.98590e+02 -1.93247e+02 -2.03933e+02
9.44000e+04 4.72000e+02 -1.28788e+02 -2.48228e+01 -2.32753e+02 -1.97669e+02 -1.89201e+02 -2.06137e+02
9.45600e+04 4.72000e+02 -1.28788e+02 -2.48228e+01 -2.32753e+02 -1.99271e+02 -1.88843e+02 -2.09699e+02
9.47200e+04 4.73000e+02 -1.69380e+02 -7.54511e+00 -3.31214e+02 -1.99682e+02 -1.86459e+02 -2.12904e+02
9.48800e+04 4.74000e+02 -1.62422e+02 -1.09018e+02 -2.15826e+02 -1.97606e+02 -1.82063e+02 -2.13149e+02
9.50400e+04 4.75000e+02 -2.51180e+02 -1.39440e+02 -3.62920e+02 -1.96670e+02 -1.80314e+02 -2.13026e+02
9.52000e+04 4.76000e+02 -2.02526e+02 -8.65367e+01 -3.18515e+02 -2.01622e+02 -1.84647e+02 -2.18597e+02
9.53600e+04 4.76000e+02 -2.02526e+02 -8.65367e+01 -3.18515e+02 -2.00577e+02 -1.77703e+02 -2.23451e+02
9.55200e+04 4.77000e+02 -2.57075e+02 -1.45182e+02 -3.68968e+02 -2.03911e+02 -1.81571e+02 -2.26250e+02
9.56800e+04 4.78000e+02 -2.30470e+02 -1.43464e+02 -3.17476e+02 -2.06322e+02 -1.85595e+02 -2.27049e+02
9.58400e+04 4.79000e+02 -2.00400e+02 -1.49256e+02 -2.51543e+02 -2.06016e+02 -1.87580e+02 -2.24452e+02
9.60000e+04 4.80000e+02 -2.06694e+02 -1.49614e+02 -2.63775e+02 -2.03307e+02 -1.88643e+02 -2.17971e+02
9.61600e+04 4.80000e+02 -2.06694e+02 -1.49614e+02 -2.63775e+02 -2.04632e+02 -1.88449e+02 -2.20816e+02
9.63200e+04 4.81000e+02 -2.35280e+02 -6.96633e+01 -4.00898e+02 -2.05872e+02 -1.87424e+02 -2.24320e+02
9.64800e+04 4.82000e+02 -1.57392e+02 -1.25993e+01 -3.02184e+02 -2.04289e+02 -1.86415e+02 -2.22162e+02
9.66400e+04 4.83000e+02 -1.67247e+02 -1.07244e+02 -2.27250e+02 -2.01358e+02 -1.85603e+02 -2.17114e+02
9.68000e+04 4.84000e+02 -1.24766e+02 -1.22358e+02 -1.27173e+02 -2.00098e+02 -1.86028e+02 -2.14168e+02
9.69600e+04 4.84000e+02 -1.24766e+02 -1.22358e+02 -1.27173e+02 -1.96359e+02 -1.79721e+02 -2.12998e+02
9.71200e+04 4.85000e+02 -2.04852e+02 -9.31079e+01 -3.16597e+02 -1.96852e+02 -1.76821e+02 -2.16884e+02
9.72800e+04 4.86000e+02 -2.75254e+02 -1.67983e+02 -3.82525e+02 -1.99496e+02 -1.78549e+02 -2.20443e+02
9.74400e+04 4.87000e+02 -1.27880e+02 -2.51873e+01 -2.30573e+02 -1.99595e+02 -1.79486e+02 -2.19704e+02
9.76000e+04 4.88000e+02 -1.25640e+02 -2.32613e+01 -2.28019e+02 -1.92329e+02 -1.73532e+02 -2.11125e+02
9.77600e+04 4.88000e+02 -1.25640e+02 -2.32613e+01 -2.28019e+02 -1.88722e+02 -1.68799e+02 -2.08645e+02
9.79200e+04 4.89000e+02 -2.03362e+02 -1.42615e+02 -2.64108e+02 -1.88079e+02 -1.68033e+02 -2.08125e+02
9.80800e+04 4.90000e+02 -1.69116e+02 -1.09775e+02 -2.28458e+02 -1.85948e+02 -1.69144e+02 -2.02752e+02
9.82400e+04 4.91000e+02 -3.08293e+02 -2.22263e+02 -3.94322e+02 -1.84380e+02 -1.69530e+02 -1.99230e+02
9.84000e+04 4.92000e+02 -2.07867e+02 -9.28141e+01 -3.22921e+02 -1.87484e+02 -1.70648e+02 -2.04319e+02
9.85600e+04 4.92000e+02 -2.07867e+02 -9.28141e+01 -3.22921e+02 -1.86300e+02 -1.70207e+02 -2.02393e+02
9.87200e+04 4.93000e+02 -2.00186e+02 -9.51825e+01 -3.05190e+02 -1.86966e+02 -1.74034e+02 -1.99898e+02
9.88800e+04 4.94000e+02 -1.24482e+02 -2.63251e+01 -2.22639e+02 -1.88141e+02 -1.75895e+02 -2.00386e+02
9.90400e+04 4.95000e+02 -3.57567e+02 -2.72189e+02 -4.42946e+02 -1.91355e+02 -1.78591e+02 -2.04118e+02
9.92000e+04 4.96000e+02 -2.81536e+02 -1.73407e+02 -3.89665e+02 -1.98680e+02 -1.86999e+02 -2.10360e+02
9.93600e+04 4.96000e+02 -2.81536e+02 -1.73407e+02 -3.89665e+02 -2.02474e+02 -1.88560e+02 -2.16388e+02
9.95200e+04 4.97000e+02 -1.63666e+02 -1.10109e+02 -2.17224e+02 -2.04093e+02 -1.93212e+02 -2.14974e+02
9.96800e+04 4.98000e+02 -2.02980e+02 -1.49592e+02 -2.56369e+02 -2.05186e+02 -1.97774e+02 -2.12599e+02
9.98400e+04 4.99000e+02 -1.64806e+02 -1.11171e+02 -2.18441e+02 -2.05949e+02 -1.98705e+02 -2.13194e+02
