0.00000e+00 0.00000e+00 -5.56338e+00 -4.98144e+00 -6.14532e+00 -5.56338e+00 -4.98144e+00 -6.14532e+00
6.40000e+02 3.00000e+00 -5.46686e+00 -4.95745e+00 -5.97626e+00 -5.56338e+00 -4.98144e+00 -6.14532e+00
1.28000e+03 6.00000e+00 -5.81529e+00 -5.61769e+00 -6.01289e+00 -5.56338e+00 -4.98144e+00 -6.14532e+00
1.92000e+03 9.00000e+00 -5.62502e+00 -5.23410e+00 -6.01594e+00 -5.56338e+00 -4.98145e+00 -6.14532e+00
2.56000e+03 1.20000e+01 -5.73488e+00 -5.36781e+00 -6.10195e+00 -5.56341e+00 -4.98160e+00 -6.14521e+00
3.20000e+03 1.60000e+01 -5.55475e+00 -5.13616e+00 -5.97335e+00 -5.56353e+00 -4.98238e+00 -6.14468e+00
3.84000e+03 1.90000e+01 -5.46705e+00 -5.27651e+00 -5.65758e+00 -5.56388e+00 -4.98488e+00 -6.14288e+00
4.48000e+03 2.20000e+01 -5.32521e+00 -4.97599e+00 -5.67443e+00 -5.56459e+00 -4.99080e+00 -6.13839e+00
5.12000e+03 2.50000e+01 -5.65482e+00 -5.37994e+00 -5.92970e+00 -5.56564e+00 -5.00202e+00 -6.12926e+00
5.76000e+03 2.80000e+01 -5.57639e+00 -5.04984e+00 -6.10294e+00 -5.56682e+00 -5.02011e+00 -6.11354e+00
6.40000e+03 3.20000e+01 -5.53527e+00 -5.07982e+00 -5.99071e+00 -5.56781e+00 -5.04585e+00 -6.08976e+00
7.04000e+03 3.50000e+01 -5.13207e+00 -4.84455e+00 -5.41960e+00 -5.56824e+00 -5.07914e+00 -6.05734e+00
7.68000e+03 3.80000e+01 -5.29950e+00 -4.98017e+00 -5.61883e+00 -5.56793e+00 -5.11901e+00 -6.01685e+00
8.32000e+03 4.10000e+01 -5.21441e+00 -4.98301e+00 -5.44580e+00 -5.56687e+00 -5.16374e+00 -5.96999e+00
8.96000e+03 4.40000e+01 -5.23975e+00 -4.86252e+00 -5.61698e+00 -5.56518e+00 -5.21124e+00 -5.91913e+00
9.60000e+03 4.80000e+01 -5.33192e+00 -5.11576e+00 -5.54807e+00 -5.56300e+00 -5.25923e+00 -5.86678e+00
1.02400e+04 5.10000e+01 -5.23564e+00 -4.96919e+00 -5.50208e+00 -5.56026e+00 -5.30552e+00 -5.81499e+00
1.08800e+04 5.40000e+01 -5.11773e+00 -4.84929e+00 -5.38617e+00 -5.55657e+00 -5.34801e+00 -5.76513e+00
1.15200e+04 5.70000e+01 -5.04505e+00 -4.74966e+00 -5.34045e+00 -5.55127e+00 -5.38466e+00 -5.71788e+00
1.21600e+04 6.00000e+01 -5.00090e+00 -4.77282e+00 -5.22897e+00 -5.54346e+00 -5.41351e+00 -5.67341e+00
1.28000e+04 6.40000e+01 -5.21283e+00 -4.95533e+00 -5.47034e+00 -5.53230e+00 -5.43275e+00 -5.63184e+00
1.34400e+04 6.70000e+01 -5.41922e+00 -5.29170e+00 -5.54675e+00 -5.51714e+00 -5.44082e+00 -5.59346e+00
1.40800e+04 7.00000e+01 -4.90909e+00 -4.61133e+00 -5.20686e+00 -5.49769e+00 -5.43658e+00 -5.55880e+00
1.47200e+04 7.30000e+01 -5.07968e+00 -4.90849e+00 -5.25088e+00 -5.47398e+00 -5.42028e+00 -5.52768e+00
1.53600e+04 7.60000e+01 -5.12771e+00 -4.82514e+00 -5.43029e+00 -5.44640e+00 -5.39469e+00 -5.49810e+00
1.60000e+04 8.00000e+01 -4.66800e+00 -4.35652e+00 -4.97947e+00 -5.41576e+00 -5.36407e+00 -5.46744e+00
1.66400e+04 8.30000e+01 -5.02773e+00 -4.89565e+00 -5.15981e+00 -5.38322e+00 -5.33204e+00 -5.43441e+00
1.72800e+04 8.60000e+01 -4.73358e+00 -4.52655e+00 -4.94061e+00 -5.35015e+00 -5.30089e+00 -5.39940e+00
1.79200e+04 8.90000e+01 -4.87139e+00 -4.63056e+00 -5.11222e+00 -5.31777e+00 -5.27169e+00 -5.36386e+00
1.85600e+04 9.20000e+01 -4.76507e+00 -3.97994e+00 -5.55019e+00 -5.28704e+00 -5.24443e+00 -5.32964e+00
1.92000e+04 9.60000e+01 -4.56376e+00 -4.35320e+00 -4.77433e+00 -5.25834e+00 -5.21822e+00 -5.29847e+00
1.98400e+04 9.90000e+01 -4.70773e+00 -4.52690e+00 -4.88856e+00 -5.23154e+00 -5.19179e+00 -5.27130e+00
2.04800e+04 1.02000e+02 -4.54801e+00 -3.95937e+00 -5.13666e+00 -5.20606e+00 -5.16433e+00 -5.24779e+00
2.11200e+04 1.05000e+02 -4.89625e+00 -4.70628e+00 -5.08623e+00 -5.18109e+00 -5.13573e+00 -5.22646e+00
2.17600e+04 1.08000e+02 -4.73752e+00 -4.41485e+00 -5.06018e+00 -5.15590e+00 -5.10623e+00 -5.20557e+00
2.24000e+04 1.12000e+02 -4.51839e+00 -4.26761e+00 -4.76917e+00 -5.12987e+00 -5.07586e+00 -5.18388e+00
2.30400e+04 1.15000e+02 -4.79291e+00 -4.48229e+00 -5.10354e+00 -5.10260e+00 -5.04436e+00 -5.16085e+00
2.36800e+04 1.18000e+02 -4.60607e+00 -4.37110e+00 -4.84104e+00 -5.07395e+00 -5.01146e+00 -5.13644e+00
2.43200e+04 1.21000e+02 -4.68335e+00 -4.44368e+00 -4.92303e+00 -5.04401e+00 -4.97726e+00 -5.11075e+00
2.49600e+04 1.24000e+02 -4.40143e+00 -4.18288e+00 -4.61997e+00 -5.01303e+00 -4.94226e+00 -5.08380e+00
2.56000e+04 1.28000e+02 -4.46715e+00 -4.08288e+00 -4.85141e+00 -4.98134e+00 -4.90702e+00 -5.05567e+00
2.62400e+04 1.31000e+02 -4.19959e+00 -3.93541e+00 -4.46376e+00 -4.94918e+00 -4.87175e+00 -5.02661e+00
2.68800e+04 1.34000e+02 -4.44585e+00 -4.26401e+00 -4.62769e+00 -4.91667e+00 -4.83627e+00 -4.99708e+00
2.75200e+04 1.37000e+02 -4.22357e+00 -3.86609e+00 -4.58104e+00 -4.88376e+00 -4.80014e+00 -4.96739e+00
2.81600e+04 1.40000e+02 -4.34375e+00 -4.18875e+00 -4.49876e+00 -4.85018e+00 -4.76303e+00 -4.93734e+00
2.88000e+04 1.44000e+02 -3.99816e+00 -3.79200e+00 -4.20432e+00 -4.81555e+00 -4.72482e+00 -4.90627e+00
2.94400e+04 1.47000e+02 -4.27216e+00 -3.89860e+00 -4.64572e+00 -4.77951e+00 -4.68569e+00 -4.87333e+00
3.00800e+04 1.50000e+02 -4.29643e+00 -4.05053e+00 -4.54233e+00 -4.74198e+00 -4.64602e+00 -4.83794e+00
3.07200e+04 1.53000e+02 -4.13984e+00 -3.93631e+00 -4.34337e+00 -4.70321e+00 -4.60629e+00 -4.80013e+00
3.13600e+04 1.56000e+02 -4.32134e+00 -4.16633e+00 -4.47636e+00 -4.66366e+00 -4.56691e+00 -4.76040e+00
3.20000e+04 1.60000e+02 -4.12900e+00 -4.02242e+00 -4.23557e+00 -4.62387e+00 -4.52827e+00 -4.71946e+00
3.26400e+04 1.63000e+02 -4.31288e+00 -4.13041e+00 -4.49535e+00 -4.58435e+00 -4.49069e+00 -4.67801e+00
3.32800e+04 1.66000e+02 -4.05312e+00 -3.83522e+00 -4.27101e+00 -4.54559e+00 -4.45448e+00 -4.63669e+00
3.39200e+04 1.69000e+02 -4.02324e+00 -3.83942e+00 -4.20705e+00 -4.50807e+00 -4.41999e+00 -4.59615e+00
3.45600e+04 1.72000e+02 -4.04879e+00 -3.84093e+00 -4.25665e+00 -4.47237e+00 -4.38752e+00 -4.55723e+00
3.52000e+04 1.76000e+02 -4.11487e+00 -3.83766e+00 -4.39209e+00 -4.43896e+00 -4.35712e+00 -4.52079e+00
3.58400e+04 1.79000e+02 -4.01976e+00 -3.75261e+00 -4.28692e+00 -4.40811e+00 -4.32866e+00 -4.48756e+00
3.64800e+04 1.82000e+02 -4.24093e+00 -4.06370e+00 -4.41815e+00 -4.37979e+00 -4.30176e+00 -4.45782e+00
3.71200e+04 1.85000e+02 -3.79688e+00 -3.57731e+00 -4.01646e+00 -4.35357e+00 -4.27593e+00 -4.43120e+00
3.77600e+04 1.88000e+02 -3.82736e+00 -3.52498e+00 -4.12975e+00 -4.32874e+00 -4.25065e+00 -4.40684e+00
3.84000e+04 1.92000e+02 -3.89643e+00 -3.71561e+00 -4.07725e+00 -4.30454e+00 -4.22553e+00 -4.38356e+00
3.90400e+04 1.95000e+02 -4.01631e+00 -3.79771e+00 -4.23490e+00 -4.28031e+00 -4.20026e+00 -4.36035e+00
3.96800e+04 1.98000e+02 -3.74555e+00 -3.52952e+00 -3.96158e+00 -4.25565e+00 -4.17473e+00 -4.33657e+00
4.03200e+04 2.01000e+02 -3.92159e+00 -3.61420e+00 -4.22899e+00 -4.23046e+00 -4.14886e+00 -4.31206e+00
4.09600e+04 2.04000e+02 -3.75233e+00 -3.63161e+00 -3.87305e+00 -4.20482e+00 -4.12263e+00 -4.28700e+00
4.16000e+04 2.08000e+02 -3.62687e+00 -3.41043e+00 -3.84332e+00 -4.17900e+00 -4.09619e+00 -4.26181e+00
4.22400e+04 2.11000e+02 -3.78006e+00 -3.61607e+00 -3.94405e+00 -4.15337e+00 -4.06977e+00 -4.23697e+00
4.28800e+04 2.14000e+02 -4.06383e+00 -3.71469e+00 -4.41297e+00 -4.12828e+00 -4.04368e+00 -4.21288e+00
4.35200e+04 2.17000e+02 -3.85523e+00 -3.51074e+00 -4.19971e+00 -4.10390e+00 -4.01815e+00 -4.18965e+00
4.41600e+04 2.20000e+02 -3.70749e+00 -3.57763e+00 -3.83735e+00 -4.08014e+00 -3.99322e+00 -4.16706e+00
4.48000e+04 2.24000e+02 -3.57251e+00 -3.32225e+00 -3.82277e+00 -4.05669e+00 -3.96877e+00 -4.14462e+00
4.54400e+04 2.27000e+02 -3.70501e+00 -3.46703e+00 -3.94299e+00 -4.03320e+00 -3.94461e+00 -4.12179e+00
4.60800e+04 2.30000e+02 -3.57812e+00 -3.43286e+00 -3.72338e+00 -4.00946e+00 -3.92073e+00 -4.09819e+00
4.67200e+04 2.33000e+02 -3.56825e+00 -3.38822e+00 -3.74829e+00 -3.98550e+00 -3.89726e+00 -4.07375e+00
4.73600e+04 2.36000e+02 -3.57919e+00 -3.44915e+00 -3.70923e+00 -3.96154e+00 -3.87442e+00 -4.04866e+00
4.80000e+04 2.40000e+02 -3.49040e+00 -3.26988e+00 -3.71092e+00 -3.93773e+00 -3.85223e+00 -4.02322e+00
4.86400e+04 2.43000e+02 -3.47193e+00 -3.39201e+00 -3.55185e+00 -3.91406e+00 -3.83042e+00 -3.99770e+00
4.92800e+04 2.46000e+02 -3.44533e+00 -3.33755e+00 -3.55311e+00 -3.89035e+00 -3.80853e+00 -3.97218e+00
4.99200e+04 2.49000e+02 -3.57462e+00 -3.40206e+00 -3.74718e+00 -3.86636e+00 -3.78610e+00 -3.94662e+00
5.05600e+04 2.52000e+02 -3.39109e+00 -3.09403e+00 -3.68815e+00 -3.84185e+00 -3.76285e+00 -3.92085e+00
5.12000e+04 2.56000e+02 -3.46442e+00 -3.30618e+00 -3.62266e+00 -3.81673e+00 -3.73869e+00 -3.89478e+00
5.18400e+04 2.59000e+02 -3.32749e+00 -3.13616e+00 -3.51882e+00 -3.79102e+00 -3.71362e+00 -3.86842e+00
5.24800e+04 2.62000e+02 -3.43230e+00 -3.31762e+00 -3.54697e+00 -3.76481e+00 -3.68766e+00 -3.84195e+00
5.31200e+04 2.65000e+02 -3.37595e+00 -3.25658e+00 -3.49531e+00 -3.73829e+00 -3.66096e+00 -3.81561e+00
5.37600e+04 2.68000e+02 -3.34823e+00 -3.08266e+00 -3.61380e+00 -3.71172e+00 -3.63379e+00 -3.78964e+00
5.44000e+04 2.72000e+02 -3.22904e+00 -3.00558e+00 -3.45251e+00 -3.68542e+00 -3.60654e+00 -3.76430e+00
5.50400e+04 2.75000e+02 -3.41154e+00 -3.22758e+00 -3.59549e+00 -3.65973e+00 -3.57965e+00 -3.73981e+00
5.56800e+04 2.78000e+02 -3.44702e+00 -3.21957e+00 -3.67447e+00 -3.63493e+00 -3.55349e+00 -3.71636e+00
5.63200e+04 2.81000e+02 -3.25434e+00 -3.14023e+00 -3.36845e+00 -3.61121e+00 -3.52833e+00 -3.69409e+00
5.69600e+04 2.84000e+02 -3.24047e+00 -3.11247e+00 -3.36846e+00 -3.58863e+00 -3.50425e+00 -3.67302e+00
5.76000e+04 2.88000e+02 -3.25115e+00 -3.14636e+00 -3.35595e+00 -3.56714e+00 -3.48122e+00 -3.65306e+00
5.82400e+04 2.91000e+02 -3.20004e+00 -3.13394e+00 -3.26614e+00 -3.54661e+00 -3.45911e+00 -3.63412e+00
5.88800e+04 2.94000e+02 -3.27290e+00 -3.00315e+00 -3.54265e+00 -3.52701e+00 -3.43793e+00 -3.61610e+00
5.95200e+04 2.97000e+02 -3.23207e+00 -3.03878e+00 -3.42536e+00 -3.50835e+00 -3.41777e+00 -3.59893e+00
6.01600e+04 3.00000e+02 -3.24653e+00 -3.11570e+00 -3.37736e+00 -3.49062e+00 -3.39880e+00 -3.58245e+00
6.08000e+04 3.04000e+02 -3.30890e+00 -3.12125e+00 -3.49655e+00 -3.47369e+00 -3.38100e+00 -3.56638e+00
6.14400e+04 3.07000e+02 -3.16413e+00 -3.09187e+00 -3.23640e+00 -3.45726e+00 -3.36414e+00 -3.55037e+00
6.20800e+04 3.10000e+02 -3.11284e+00 -2.89568e+00 -3.33000e+00 -3.44090e+00 -3.34781e+00 -3.53399e+00
6.27200e+04 3.13000e+02 -2.98843e+00 -2.87581e+00 -3.10105e+00 -3.42422e+00 -3.33157e+00 -3.51686e+00
6.33600e+04 3.16000e+02 -3.28285e+00 -3.13344e+00 -3.43226e+00 -3.40695e+00 -3.31511e+00 -3.49879e+00
6.40000e+04 3.20000e+02 -2.99209e+00 -2.59831e+00 -3.38587e+00 -3.38907e+00 -3.29828e+00 -3.47986e+00
6.46400e+04 3.23000e+02 -3.07677e+00 -2.88559e+00 -3.26794e+00 -3.37074e+00 -3.28113e+00 -3.46035e+00
6.52800e+04 3.26000e+02 -3.15931e+00 -3.00841e+00 -3.31022e+00 -3.35222e+00 -3.26376e+00 -3.44069e+00
6.59200e+04 3.29000e+02 -2.98784e+00 -2.79305e+00 -3.18262e+00 -3.33379e+00 -3.24630e+00 -3.42127e+00
6.65600e+04 3.32000e+02 -3.08279e+00 -2.78589e+00 -3.37969e+00 -3.31568e+00 -3.22888e+00 -3.40248e+00
6.72000e+04 3.36000e+02 -2.82570e+00 -2.59082e+00 -3.06058e+00 -3.29808e+00 -3.21150e+00 -3.38467e+00
6.78400e+04 3.39000e+02 -2.86239e+00 -2.74594e+00 -2.97884e+00 -3.28110e+00 -3.19407e+00 -3.36814e+00
6.84800e+04 3.42000e+02 -3.04213e+00 -2.94900e+00 -3.13527e+00 -3.26477e+00 -3.17646e+00 -3.35308e+00
6.91200e+04 3.45000e+02 -2.88863e+00 -2.57139e+00 -3.20586e+00 -3.24902e+00 -3.15847e+00 -3.33957e+00
6.97600e+04 3.48000e+02 -2.86281e+00 -2.63308e+00 -3.09254e+00 -3.23364e+00 -3.13981e+00 -3.32748e+00
7.04000e+04 3.52000e+02 -2.82042e+00 -2.60256e+00 -3.03828e+00 -3.21827e+00 -3.12017e+00 -3.31638e+00
7.10400e+04 3.55000e+02 -2.96324e+00 -2.74452e+00 -3.18195e+00 -3.20249e+00 -3.09937e+00 -3.30560e+00
7.16800e+04 3.58000e+02 -2.86867e+00 -2.63453e+00 -3.10282e+00 -3.18592e+00 -3.07747e+00 -3.29437e+00
7.23200e+04 3.61000e+02 -2.86095e+00 -2.71995e+00 -3.00194e+00 -3.16843e+00 -3.05483e+00 -3.28204e+00
7.29600e+04 3.64000e+02 -2.88454e+00 -2.67119e+00 -3.09789e+00 -3.15015e+00 -3.03206e+00 -3.26825e+00
7.36000e+04 3.68000e+02 -2.92030e+00 -2.80026e+00 -3.04035e+00 -3.13147e+00 -3.00995e+00 -3.25298e+00
7.42400e+04 3.71000e+02 -3.01757e+00 -2.82610e+00 -3.20904e+00 -3.11289e+00 -2.98926e+00 -3.23652e+00
7.48800e+04 3.74000e+02 -2.73278e+00 -2.50551e+00 -2.96005e+00 -3.09498e+00 -2.97060e+00 -3.21937e+00
7.55200e+04 3.77000e+02 -2.98970e+00 -2.70731e+00 -3.27210e+00 -3.07816e+00 -2.95422e+00 -3.20209e+00
7.61600e+04 3.80000e+02 -2.90175e+00 -2.64888e+00 -3.15463e+00 -3.06263e+00 -2.94007e+00 -3.18520e+00
7.68000e+04 3.84000e+02 -2.87971e+00 -2.64361e+00 -3.11581e+00 -3.04835e+00 -2.92768e+00 -3.16902e+00
7.74400e+04 3.87000e+02 -2.83161e+00 -2.64951e+00 -3.01371e+00 -3.03503e+00 -2.91643e+00 -3.15363e+00
7.80800e+04 3.90000e+02 -2.85677e+00 -2.71843e+00 -2.99511e+00 -3.02225e+00 -2.90563e+00 -3.13887e+00
7.87200e+04 3.93000e+02 -2.59904e+00 -2.46396e+00 -2.73412e+00 -3.00959e+00 -2.89472e+00 -3.12445e+00
7.93600e+04 3.96000e+02 -2.82755e+00 -2.70728e+00 -2.94781e+00 -2.99674e+00 -2.88344e+00 -3.11005e+00
8.00000e+04 4.00000e+02 -2.80577e+00 -2.55847e+00 -3.05308e+00 -2.98357e+00 -2.87181e+00 -3.09532e+00
8.06400e+04 4.03000e+02 -2.59014e+00 -2.35459e+00 -2.82568e+00 -2.97007e+00 -2.86013e+00 -3.08001e+00
8.12800e+04 4.06000e+02 -2.78483e+00 -2.69501e+00 -2.87464e+00 -2.95635e+00 -2.84877e+00 -3.06393e+00
8.19200e+04 4.09000e+02 -2.78019e+00 -2.71049e+00 -2.84989e+00 -2.94259e+00 -2.83810e+00 -3.04708e+00
8.25600e+04 4.12000e+02 -2.71460e+00 -2.47548e+00 -2.95372e+00 -2.92895e+00 -2.82828e+00 -3.02962e+00
8.32000e+04 4.16000e+02 -2.69295e+00 -2.53811e+00 -2.84779e+00 -2.91551e+00 -2.81921e+00 -3.01181e+00
8.38400e+04 4.19000e+02 -2.54541e+00 -2.39627e+00 -2.69455e+00 -2.90223e+00 -2.81058e+00 -2.99387e+00
8.44800e+04 4.22000e+02 -2.53607e+00 -2.37852e+00 -2.69362e+00 -2.88897e+00 -2.80199e+00 -2.97595e+00
8.51200e+04 4.25000e+02 -2.57817e+00 -2.41726e+00 -2.73907e+00 -2.87559e+00 -2.79301e+00 -2.95817e+00
8.57600e+04 4.28000e+02 -2.63782e+00 -2.46981e+00 -2.80584e+00 -2.86201e+00 -2.78336e+00 -2.94067e+00
8.64000e+04 4.32000e+02 -2.62433e+00 -2.48897e+00 -2.75969e+00 -2.84826e+00 -2.77292e+00 -2.92360e+00
8.70400e+04 4.35000e+02 -2.55891e+00 -2.34832e+00 -2.76950e+00 -2.83436e+00 -2.76164e+00 -2.90708e+00
8.76800e+04 4.38000e+02 -2.76523e+00 -2.61105e+00 -2.91941e+00 -2.82029e+00 -2.74947e+00 -2.89111e+00
8.83200e+04 4.41000e+02 -2.42432e+00 -2.29976e+00 -2.54889e+00 -2.80588e+00 -2.73626e+00 -2.87550e+00
8.89600e+04 4.44000e+02 -2.44263e+00 -2.20631e+00 -2.67895e+00 -2.79092e+00 -2.72189e+00 -2.85995e+00
8.96000e+04 4.48000e+02 -2.50005e+00 -2.35894e+00 -2.64117e+00 -2.77522e+00 -2.70631e+00 -2.84413e+00
9.02400e+04 4.51000e+02 -2.55485e+00 -2.38734e+00 -2.72235e+00 -2.75879e+00 -2.68963e+00 -2.82794e+00
9.08800e+04 4.54000e+02 -2.46306e+00 -2.28097e+00 -2.64514e+00 -2.74181e+00 -2.67211e+00 -2.81151e+00
9.15200e+04 4.57000e+02 -2.69867e+00 -2.46956e+00 -2.92778e+00 -2.72456e+00 -2.65402e+00 -2.79511e+00
9.21600e+04 4.60000e+02 -2.40220e+00 -2.28662e+00 -2.51779e+00 -2.70723e+00 -2.63552e+00 -2.77895e+00
9.28000e+04 4.64000e+02 -2.58711e+00 -2.32652e+00 -2.84769e+00 -2.68988e+00 -2.61664e+00 -2.76313e+00
9.34400e+04 4.67000e+02 -2.45175e+00 -2.25194e+00 -2.65156e+00 -2.67244e+00 -2.59731e+00 -2.74758e+00
9.40800e+04 4.70000e+02 -2.47070e+00 -2.38365e+00 -2.55776e+00 -2.65488e+00 -2.57751e+00 -2.73225e+00
9.47200e+04 4.73000e+02 -2.52745e+00 -2.40274e+00 -2.65215e+00 -2.63727e+00 -2.55738e+00 -2.71716e+00
9.53600e+04 4.76000e+02 -2.44301e+00 -2.30422e+00 -2.58180e+00 -2.61984e+00 -2.53720e+00 -2.70248e+00
9.60000e+04 4.80000e+02 -2.52294e+00 -2.29297e+00 -2.75291e+00 -2.60289e+00 -2.51728e+00 -2.68851e+00
9.66400e+04 4.83000e+02 -2.42536e+00 -2.27803e+00 -2.57268e+00 -2.58676e+00 -2.49797e+00 -2.67555e+00
9.72800e+04 4.86000e+02 -2.37289e+00 -2.16680e+00 -2.57898e+00 -2.57168e+00 -2.47959e+00 -2.66377e+00
9.79200e+04 4.89000e+02 -2.47873e+00 -2.26336e+00 -2.69410e+00 -2.55782e+00 -2.46246e+00 -2.65317e+00
9.85600e+04 4.92000e+02 -2.34568e+00 -2.22570e+00 -2.46566e+00 -2.54518e+00 -2.44677e+00 -2.64359e+00
9.92000e+04 4.96000e+02 -2.36221e+00 -2.20867e+00 -2.51576e+00 -2.53367e+00 -2.43250e+00 -2.63485e+00
9.98400e+04 4.99000e+02 -2.24720e+00 -2.08097e+00 -2.41344e+00 -2.52308e+00 -2.41941e+00 -2.62675e+00
1.00480e+05 5.02000e+02 -2.40016e+00 -2.25094e+00 -2.54938e+00 -2.51314e+00 -2.40708e+00 -2.61920e+00
1.01120e+05 5.05000e+02 -2.13867e+00 -1.96815e+00 -2.30918e+00 -2.50355e+00 -2.39498e+00 -2.61212e+00
1.01760e+05 5.08000e+02 -2.34264e+00 -2.15343e+00 -2.53186e+00 -2.49404e+00 -2.38266e+00 -2.60543e+00
1.02400e+05 5.12000e+02 -2.28141e+00 -2.20246e+00 -2.36037e+00 -2.48439e+00 -2.36981e+00 -2.59898e+00
1.03040e+05 5.15000e+02 -2.20721e+00 -1.99689e+00 -2.41754e+00 -2.47446e+00 -2.35637e+00 -2.59255e+00
1.03680e+05 5.18000e+02 -2.33901e+00 -2.24997e+00 -2.42805e+00 -2.46417e+00 -2.34244e+00 -2.58590e+00
1.04320e+05 5.21000e+02 -2.32955e+00 -2.13534e+00 -2.52376e+00 -2.45351e+00 -2.32823e+00 -2.57879e+00
1.04960e+05 5.24000e+02 -2.29228e+00 -2.01605e+00 -2.56851e+00 -2.44247e+00 -2.31394e+00 -2.57099e+00
1.05600e+05 5.28000e+02 -2.33398e+00 -2.12667e+00 -2.54129e+00 -2.43102e+00 -2.29975e+00 -2.56229e+00
1.06240e+05 5.31000e+02 -2.33409e+00 -2.06397e+00 -2.60421e+00 -2.41915e+00 -2.28581e+00 -2.55250e+00
1.06880e+05 5.34000e+02 -2.31295e+00 -2.14701e+00 -2.47890e+00 -2.40684e+00 -2.27215e+00 -2.54154e+00
1.07520e+05 5.37000e+02 -2.39310e+00 -2.21056e+00 -2.57565e+00 -2.39415e+00 -2.25878e+00 -2.52952e+00
1.08160e+05 5.40000e+02 -2.21124e+00 -1.93308e+00 -2.48939e+00 -2.38123e+00 -2.24568e+00 -2.51678e+00
1.08800e+05 5.44000e+02 -2.15269e+00 -2.04085e+00 -2.26454e+00 -2.36833e+00 -2.23284e+00 -2.50383e+00
1.09440e+05 5.47000e+02 -2.24731e+00 -2.03999e+00 -2.45463e+00 -2.35576e+00 -2.22029e+00 -2.49123e+00
1.10080e+05 5.50000e+02 -2.26269e+00 -2.12294e+00 -2.40245e+00 -2.34376e+00 -2.20808e+00 -2.47943e+00
1.10720e+05 5.53000e+02 -2.25267e+00 -2.05080e+00 -2.45455e+00 -2.33248e+00 -2.19635e+00 -2.46862e+00
1.11360e+05 5.56000e+02 -2.26984e+00 -2.03073e+00 -2.50896e+00 -2.32195e+00 -2.18521e+00 -2.45870e+00
1.12000e+05 5.60000e+02 -2.15208e+00 -1.78592e+00 -2.51824e+00 -2.31207e+00 -2.17479e+00 -2.44936e+00
1.12640e+05 5.63000e+02 -2.16725e+00 -2.00472e+00 -2.32978e+00 -2.30269e+00 -2.16517e+00 -2.44021e+00
1.13280e+05 5.66000e+02 -2.08285e+00 -2.02367e+00 -2.14202e+00 -2.29367e+00 -2.15644e+00 -2.43089e+00
1.13920e+05 5.69000e+02 -2.15304e+00 -1.94196e+00 -2.36411e+00 -2.28493e+00 -2.14864e+00 -2.42123e+00
1.14560e+05 5.72000e+02 -2.14677e+00 -1.92060e+00 -2.37294e+00 -2.27651e+00 -2.14175e+00 -2.41127e+00
1.15200e+05 5.76000e+02 -1.91290e+00 -1.73365e+00 -2.09214e+00 -2.26844e+00 -2.13561e+00 -2.40127e+00
1.15840e+05 5.79000e+02 -2.06240e+00 -1.96745e+00 -2.15736e+00 -2.26073e+00 -2.12988e+00 -2.39157e+00
1.16480e+05 5.82000e+02 -2.10452e+00 -1.99080e+00 -2.21823e+00 -2.25327e+00 -2.12409e+00 -2.38246e+00
1.17120e+05 5.85000e+02 -2.08351e+00 -1.72827e+00 -2.43876e+00 -2.24591e+00 -2.11778e+00 -2.37403e+00
1.17760e+05 5.88000e+02 -2.13024e+00 -1.95485e+00 -2.30563e+00 -2.23844e+00 -2.11061e+00 -2.36626e+00
1.18400e+05 5.92000e+02 -2.07136e+00 -1.92363e+00 -2.21909e+00 -2.23066e+00 -2.10241e+00 -2.35890e+00
1.19040e+05 5.95000e+02 -2.17707e+00 -1.97750e+00 -2.37663e+00 -2.22238e+00 -2.09318e+00 -2.35157e+00
1.19680e+05 5.98000e+02 -2.08167e+00 -1.87906e+00 -2.28429e+00 -2.21341e+00 -2.08297e+00 -2.34386e+00
1.20320e+05 6.01000e+02 -1.91195e+00 -1.65854e+00 -2.16535e+00 -2.20366e+00 -2.07191e+00 -2.33542e+00
1.20960e+05 6.04000e+02 -1.98766e+00 -1.82769e+00 -2.14762e+00 -2.19315e+00 -2.06018e+00 -2.32613e+00
1.21600e+05 6.08000e+02 -1.97089e+00 -1.87369e+00 -2.06810e+00 -2.18203e+00 -2.04803e+00 -2.31603e+00
1.22240e+05 6.11000e+02 -1.84859e+00 -1.67326e+00 -2.02392e+00 -2.17056e+00 -2.03579e+00 -2.30532e+00
1.22880e+05 6.14000e+02 -2.00225e+00 -1.82098e+00 -2.18352e+00 -2.15899e+00 -2.02372e+00 -2.29426e+00
1.23520e+05 6.17000e+02 -1.99161e+00 -1.80721e+00 -2.17600e+00 -2.14748e+00 -2.01198e+00 -2.28298e+00
1.24160e+05 6.20000e+02 -1.98904e+00 -1.75062e+00 -2.22747e+00 -2.13603e+00 -2.00054e+00 -2.27152e+00
1.24800e+05 6.24000e+02 -1.97085e+00 -1.83624e+00 -2.10546e+00 -2.12458e+00 -1.98929e+00 -2.25987e+00
1.25440e+05 6.27000e+02 -1.97925e+00 -1.75949e+00 -2.19901e+00 -2.11305e+00 -1.97808e+00 -2.24801e+00
1.26080e+05 6.30000e+02 -1.88796e+00 -1.70772e+00 -2.06819e+00 -2.10144e+00 -1.96682e+00 -2.23606e+00
1.26720e+05 6.33000e+02 -1.91313e+00 -1.69684e+00 -2.12942e+00 -2.08987e+00 -1.95551e+00 -2.22422e+00
1.27360e+05 6.36000e+02 -1.91120e+00 -1.78826e+00 -2.03414e+00 -2.07849e+00 -1.94426e+00 -2.21273e+00
1.28000e+05 6.40000e+02 -1.96028e+00 -1.82632e+00 -2.09425e+00 -2.06750e+00 -1.93318e+00 -2.20182e+00
1.28640e+05 6.43000e+02 -1.74960e+00 -1.52275e+00 -1.97645e+00 -2.05703e+00 -1.92238e+00 -2.19169e+00
1.29280e+05 6.46000e+02 -1.99608e+00 -1.74335e+00 -2.24880e+00 -2.04715e+00 -1.91185e+00 -2.18245e+00
1.29920e+05 6.49000e+02 -2.02327e+00 -1.90119e+00 -2.14534e+00 -2.03786e+00 -1.90159e+00 -2.17413e+00
1.30560e+05 6.52000e+02 -1.84689e+00 -1.65043e+00 -2.04335e+00 -2.02915e+00 -1.89160e+00 -2.16670e+00
1.31200e+05 6.56000e+02 -1.92494e+00 -1.82700e+00 -2.02288e+00 -2.02092e+00 -1.88192e+00 -2.15992e+00
1.31840e+05 6.59000e+02 -1.96415e+00 -1.81438e+00 -2.11392e+00 -2.01304e+00 -1.87264e+00 -2.15345e+00
1.32480e+05 6.62000e+02 -1.97404e+00 -1.80253e+00 -2.14555e+00 -2.00534e+00 -1.86383e+00 -2.14684e+00
1.33120e+05 6.65000e+02 -1.92755e+00 -1.75762e+00 -2.09747e+00 -1.99765e+00 -1.85555e+00 -2.13974e+00
1.33760e+05 6.68000e+02 -1.81352e+00 -1.73522e+00 -1.89181e+00 -1.98988e+00 -1.84785e+00 -2.13192e+00
1.34400e+05 6.72000e+02 -2.00060e+00 -1.79377e+00 -2.20742e+00 -1.98208e+00 -1.84076e+00 -2.12340e+00
1.35040e+05 6.75000e+02 -1.94189e+00 -1.73945e+00 -2.14433e+00 -1.97437e+00 -1.83432e+00 -2.11442e+00
1.35680e+05 6.78000e+02 -1.71200e+00 -1.61843e+00 -1.80558e+00 -1.96691e+00 -1.82855e+00 -2.10528e+00
1.36320e+05 6.81000e+02 -1.85889e+00 -1.63870e+00 -2.07908e+00 -1.95978e+00 -1.82339e+00 -2.09616e+00
1.36960e+05 6.84000e+02 -1.85217e+00 -1.60620e+00 -2.09814e+00 -1.95292e+00 -1.81875e+00 -2.08709e+00
1.37600e+05 6.88000e+02 -1.78121e+00 -1.57915e+00 -1.98327e+00 -1.94620e+00 -1.81444e+00 -2.07796e+00
1.38240e+05 6.91000e+02 -1.82331e+00 -1.60684e+00 -2.03979e+00 -1.93950e+00 -1.81035e+00 -2.06865e+00
1.38880e+05 6.94000e+02 -1.77703e+00 -1.60318e+00 -1.95088e+00 -1.93279e+00 -1.80647e+00 -2.05910e+00
1.39520e+05 6.97000e+02 -1.83242e+00 -1.68829e+00 -1.97655e+00 -1.92606e+00 -1.80273e+00 -2.04938e+00
1.40160e+05 7.00000e+02 -1.76447e+00 -1.61950e+00 -1.90944e+00 -1.91936e+00 -1.79907e+00 -2.03966e+00
1.40800e+05 7.04000e+02 -1.80475e+00 -1.59638e+00 -2.01313e+00 -1.91273e+00 -1.79528e+00 -2.03018e+00
1.41440e+05 7.07000e+02 -1.83788e+00 -1.70999e+00 -1.96578e+00 -1.90614e+00 -1.79111e+00 -2.02116e+00
1.42080e+05 7.10000e+02 -1.81421e+00 -1.67062e+00 -1.95781e+00 -1.89948e+00 -1.78630e+00 -2.01267e+00
1.42720e+05 7.13000e+02 -1.75033e+00 -1.66564e+00 -1.83502e+00 -1.89262e+00 -1.78064e+00 -2.00459e+00
1.43360e+05 7.16000e+02 -1.76991e+00 -1.59916e+00 -1.94067e+00 -1.88538e+00 -1.77402e+00 -1.99675e+00
1.44000e+05 7.20000e+02 -1.70086e+00 -1.55446e+00 -1.84727e+00 -1.87767e+00 -1.76640e+00 -1.98894e+00
1.44640e+05 7.23000e+02 -1.88671e+00 -1.76596e+00 -2.00747e+00 -1.86946e+00 -1.75790e+00 -1.98103e+00
1.45280e+05 7.26000e+02 -1.79856e+00 -1.61608e+00 -1.98103e+00 -1.86088e+00 -1.74875e+00 -1.97301e+00
1.45920e+05 7.29000e+02 -1.77337e+00 -1.59926e+00 -1.94748e+00 -1.85210e+00 -1.73928e+00 -1.96492e+00
1.46560e+05 7.32000e+02 -1.83982e+00 -1.71735e+00 -1.96229e+00 -1.84334e+00 -1.72984e+00 -1.95683e+00
1.47200e+05 7.36000e+02 -1.76952e+00 -1.66402e+00 -1.87502e+00 -1.83485e+00 -1.72080e+00 -1.94889e+00
1.47840e+05 7.39000e+02 -1.74251e+00 -1.62802e+00 -1.85701e+00 -1.82685e+00 -1.71244e+00 -1.94126e+00
1.48480e+05 7.42000e+02 -1.76610e+00 -1.45456e+00 -2.07764e+00 -1.81951e+00 -1.70494e+00 -1.93409e+00
1.49120e+05 7.45000e+02 -1.75232e+00 -1.63402e+00 -1.87062e+00 -1.81296e+00 -1.69841e+00 -1.92751e+00
1.49760e+05 7.48000e+02 -1.69124e+00 -1.50741e+00 -1.87506e+00 -1.80723e+00 -1.69285e+00 -1.92161e+00
1.50400e+05 7.52000e+02 -1.69962e+00 -1.59110e+00 -1.80814e+00 -1.80229e+00 -1.68821e+00 -1.91638e+00
1.51040e+05 7.55000e+02 -1.85433e+00 -1.63264e+00 -2.07602e+00 -1.79810e+00 -1.68440e+00 -1.91179e+00
1.51680e+05 7.58000e+02 -1.73542e+00 -1.55453e+00 -1.91630e+00 -1.79452e+00 -1.68126e+00 -1.90778e+00
1.52320e+05 7.61000e+02 -1.75098e+00 -1.63305e+00 -1.86891e+00 -1.79142e+00 -1.67857e+00 -1.90426e+00
1.52960e+05 7.64000e+02 -1.71550e+00 -1.47508e+00 -1.95593e+00 -1.78857e+00 -1.67606e+00 -1.90109e+00
1.53600e+05 7.68000e+02 -1.73202e+00 -1.58944e+00 -1.87460e+00 -1.78576e+00 -1.67344e+00 -1.89808e+00
1.54240e+05 7.71000e+02 -1.76250e+00 -1.61218e+00 -1.91282e+00 -1.78279e+00 -1.67053e+00 -1.89505e+00
1.54880e+05 7.74000e+02 -1.86450e+00 -1.72153e+00 -2.00748e+00 -1.77956e+00 -1.66732e+00 -1.89180e+00
1.55520e+05 7.77000e+02 -1.69659e+00 -1.56689e+00 -1.82629e+00 -1.77605e+00 -1.66387e+00 -1.88823e+00
1.56160e+05 7.80000e+02 -1.68308e+00 -1.48497e+00 -1.88119e+00 -1.77225e+00 -1.66028e+00 -1.88422e+00
1.56800e+05 7.84000e+02 -1.58950e+00 -1.46499e+00 -1.71401e+00 -1.76819e+00 -1.65660e+00 -1.87977e+00
1.57440e+05 7.87000e+02 -1.70401e+00 -1.52953e+00 -1.87850e+00 -1.76385e+00 -1.65281e+00 -1.87489e+00
1.58080e+05 7.90000e+02 -1.67295e+00 -1.55829e+00 -1.78761e+00 -1.75924e+00 -1.64885e+00 -1.86962e+00
1.58720e+05 7.93000e+02 -1.64268e+00 -1.53080e+00 -1.75457e+00 -1.75440e+00 -1.64468e+00 -1.86413e+00
1.59360e+05 7.96000e+02 -1.70569e+00 -1.56762e+00 -1.84377e+00 -1.74935e+00 -1.64020e+00 -1.85849e+00
1.60000e+05 8.00000e+02 -1.55579e+00 -1.46290e+00 -1.64868e+00 -1.74410e+00 -1.63537e+00 -1.85283e+00
1.60640e+05 8.03000e+02 -1.61416e+00 -1.54421e+00 -1.68411e+00 -1.73868e+00 -1.63020e+00 -1.84716e+00
1.61280e+05 8.06000e+02 -1.67566e+00 -1.58960e+00 -1.76172e+00 -1.73315e+00 -1.62481e+00 -1.84148e+00
1.61920e+05 8.09000e+02 -1.62673e+00 -1.49911e+00 -1.75436e+00 -1.72757e+00 -1.61941e+00 -1.83574e+00
1.62560e+05 8.12000e+02 -1.65812e+00 -1.47898e+00 -1.83726e+00 -1.72201e+00 -1.61421e+00 -1.82981e+00
1.63200e+05 8.16000e+02 -1.70081e+00 -1.55684e+00 -1.84479e+00 -1.71644e+00 -1.60931e+00 -1.82358e+00
1.63840e+05 8.19000e+02 -1.67295e+00 -1.52142e+00 -1.82449e+00 -1.71078e+00 -1.60470e+00 -1.81686e+00
1.64480e+05 8.22000e+02 -1.63123e+00 -1.54980e+00 -1.71266e+00 -1.70491e+00 -1.60030e+00 -1.80952e+00
1.65120e+05 8.25000e+02 -1.58136e+00 -1.42984e+00 -1.73287e+00 -1.69874e+00 -1.59600e+00 -1.80147e+00
1.65760e+05 8.28000e+02 -1.61766e+00 -1.46641e+00 -1.76890e+00 -1.69226e+00 -1.59175e+00 -1.79276e+00
1.66400e+05 8.32000e+02 -1.54063e+00 -1.38713e+00 -1.69413e+00 -1.68560e+00 -1.58757e+00 -1.78363e+00
1.67040e+05 8.35000e+02 -1.58898e+00 -1.38320e+00 -1.79475e+00 -1.67896e+00 -1.58354e+00 -1.77438e+00
1.67680e+05 8.38000e+02 -1.59774e+00 -1.51304e+00 -1.68243e+00 -1.67261e+00 -1.57982e+00 -1.76540e+00
1.68320e+05 8.41000e+02 -1.47331e+00 -1.41388e+00 -1.53274e+00 -1.66674e+00 -1.57655e+00 -1.75693e+00
1.68960e+05 8.44000e+02 -1.47509e+00 -1.38481e+00 -1.56536e+00 -1.66145e+00 -1.57378e+00 -1.74913e+00
1.69600e+05 8.48000e+02 -1.64481e+00 -1.52626e+00 -1.76336e+00 -1.65675e+00 -1.57141e+00 -1.74209e+00
1.70240e+05 8.51000e+02 -1.53306e+00 -1.32304e+00 -1.74308e+00 -1.65253e+00 -1.56922e+00 -1.73585e+00
1.70880e+05 8.54000e+02 -1.50838e+00 -1.42804e+00 -1.58873e+00 -1.64862e+00 -1.56688e+00 -1.73036e+00
1.71520e+05 8.57000e+02 -1.50010e+00 -1.38224e+00 -1.61795e+00 -1.64473e+00 -1.56404e+00 -1.72542e+00
1.72160e+05 8.60000e+02 -1.55730e+00 -1.33506e+00 -1.77955e+00 -1.64050e+00 -1.56039e+00 -1.72060e+00
1.72800e+05 8.64000e+02 -1.53513e+00 -1.45699e+00 -1.61328e+00 -1.63561e+00 -1.55579e+00 -1.71543e+00
1.73440e+05 8.67000e+02 -1.49856e+00 -1.40181e+00 -1.59532e+00 -1.62984e+00 -1.55022e+00 -1.70946e+00
1.74080e+05 8.70000e+02 -1.46634e+00 -1.39131e+00 -1.54137e+00 -1.62314e+00 -1.54380e+00 -1.70248e+00
1.74720e+05 8.73000e+02 -1.55418e+00 -1.48163e+00 -1.62674e+00 -1.61565e+00 -1.53677e+00 -1.69452e+00
1.75360e+05 8.76000e+02 -1.47715e+00 -1.29466e+00 -1.65964e+00 -1.60760e+00 -1.52938e+00 -1.68582e+00
1.76000e+05 8.80000e+02 -1.45335e+00 -1.31061e+00 -1.59609e+00 -1.59932e+00 -1.52189e+00 -1.67674e+00
1.76640e+05 8.83000e+02 -1.60983e+00 -1.45873e+00 -1.76094e+00 -1.59115e+00 -1.51465e+00 -1.66766e+00
1.77280e+05 8.86000e+02 -1.63246e+00 -1.49438e+00 -1.77053e+00 -1.58338e+00 -1.50793e+00 -1.65884e+00
1.77920e+05 8.89000e+02 -1.53694e+00 -1.46785e+00 -1.60603e+00 -1.57619e+00 -1.50197e+00 -1.65041e+00
1.78560e+05 8.92000e+02 -1.55961e+00 -1.40242e+00 -1.71680e+00 -1.56967e+00 -1.49688e+00 -1.64245e+00
1.79200e+05 8.96000e+02 -1.46312e+00 -1.30881e+00 -1.61743e+00 -1.56380e+00 -1.49261e+00 -1.63500e+00
1.79840e+05 8.99000e+02 -1.47347e+00 -1.36272e+00 -1.58421e+00 -1.55855e+00 -1.48901e+00 -1.62809e+00
1.80480e+05 9.02000e+02 -1.50108e+00 -1.42252e+00 -1.57964e+00 -1.55386e+00 -1.48597e+00 -1.62175e+00
1.81120e+05 9.05000e+02 -1.53324e+00 -1.42688e+00 -1.63960e+00 -1.54968e+00 -1.48341e+00 -1.61595e+00
1.81760e+05 9.08000e+02 -1.45194e+00 -1.31478e+00 -1.58910e+00 -1.54600e+00 -1.48132e+00 -1.61067e+00
1.82400e+05 9.12000e+02 -1.36011e+00 -1.30875e+00 -1.41146e+00 -1.54271e+00 -1.47960e+00 -1.60583e+00
1.83040e+05 9.15000e+02 -1.45851e+00 -1.36224e+00 -1.55478e+00 -1.53971e+00 -1.47808e+00 -1.60133e+00
1.83680e+05 9.18000e+02 -1.47537e+00 -1.42439e+00 -1.52634e+00 -1.53681e+00 -1.47659e+00 -1.59703e+00
1.84320e+05 9.21000e+02 -1.50296e+00 -1.44459e+00 -1.56133e+00 -1.53383e+00 -1.47493e+00 -1.59273e+00
1.84960e+05 9.24000e+02 -1.49699e+00 -1.38178e+00 -1.61219e+00 -1.53059e+00 -1.47299e+00 -1.58819e+00
1.85600e+05 9.28000e+02 -1.46100e+00 -1.36075e+00 -1.56126e+00 -1.52696e+00 -1.47072e+00 -1.58320e+00
1.86240e+05 9.31000e+02 -1.51735e+00 -1.37627e+00 -1.65844e+00 -1.52287e+00 -1.46820e+00 -1.57755e+00
1.86880e+05 9.34000e+02 -1.48126e+00 -1.41373e+00 -1.54879e+00 -1.51840e+00 -1.46556e+00 -1.57124e+00
1.87520e+05 9.37000e+02 -1.45176e+00 -1.40892e+00 -1.49460e+00 -1.51369e+00 -1.46294e+00 -1.56443e+00
1.88160e+05 9.40000e+02 -1.45347e+00 -1.35976e+00 -1.54717e+00 -1.50894e+00 -1.46044e+00 -1.55744e+00
1.88800e+05 9.44000e+02 -1.37239e+00 -1.26047e+00 -1.48431e+00 -1.50435e+00 -1.45805e+00 -1.55065e+00
1.89440e+05 9.47000e+02 -1.48715e+00 -1.32944e+00 -1.64486e+00 -1.50004e+00 -1.45567e+00 -1.54442e+00
1.90080e+05 9.50000e+02 -1.45255e+00 -1.28207e+00 -1.62303e+00 -1.49612e+00 -1.45321e+00 -1.53903e+00
1.90720e+05 9.53000e+02 -1.42288e+00 -1.33389e+00 -1.51186e+00 -1.49260e+00 -1.45057e+00 -1.53462e+00
1.91360e+05 9.56000e+02 -1.44476e+00 -1.37144e+00 -1.51808e+00 -1.48944e+00 -1.44768e+00 -1.53119e+00
1.92000e+05 9.60000e+02 -1.49037e+00 -1.33643e+00 -1.64430e+00 -1.48654e+00 -1.44447e+00 -1.52860e+00
1.92640e+05 9.63000e+02 -1.43298e+00 -1.26999e+00 -1.59598e+00 -1.48373e+00 -1.44078e+00 -1.52669e+00
1.93280e+05 9.66000e+02 -1.47767e+00 -1.27780e+00 -1.67754e+00 -1.48086e+00 -1.43636e+00 -1.52536e+00
1.93920e+05 9.69000e+02 -1.38165e+00 -1.25869e+00 -1.50462e+00 -1.47776e+00 -1.43098e+00 -1.52454e+00
1.94560e+05 9.72000e+02 -1.50091e+00 -1.31726e+00 -1.68456e+00 -1.47436e+00 -1.42453e+00 -1.52420e+00
1.95200e+05 9.76000e+02 -1.35266e+00 -1.23895e+00 -1.46638e+00 -1.47069e+00 -1.41709e+00 -1.52428e+00
1.95840e+05 9.79000e+02 -1.39336e+00 -1.29093e+00 -1.49579e+00 -1.46682e+00 -1.40890e+00 -1.52475e+00
1.96480e+05 9.82000e+02 -1.47973e+00 -1.23562e+00 -1.72384e+00 -1.46287e+00 -1.40025e+00 -1.52549e+00
1.97120e+05 9.85000e+02 -1.42936e+00 -1.31518e+00 -1.54354e+00 -1.45889e+00 -1.39143e+00 -1.52635e+00
1.97760e+05 9.88000e+02 -1.38429e+00 -1.30510e+00 -1.46348e+00 -1.45493e+00 -1.38269e+00 -1.52716e+00
1.98400e+05 9.92000e+02 -1.43444e+00 -1.27351e+00 -1.59537e+00 -1.45099e+00 -1.37427e+00 -1.52771e+00
1.99040e+05 9.95000e+02 -1.38708e+00 -1.20703e+00 -1.56714e+00 -1.44711e+00 -1.36639e+00 -1.52783e+00
1.99680e+05 9.98000e+02 -1.41338e+00 -1.34905e+00 -1.47771e+00 -1.44335e+00 -1.35922e+00 -1.52747e+00
2.00320e+05 1.00100e+03 -1.28729e+00 -1.18812e+00 -1.38646e+00 -1.43979e+00 -1.35291e+00 -1.52668e+00
2.00960e+05 1.00400e+03 -1.36376e+00 -1.20705e+00 -1.52046e+00 -1.43654e+00 -1.34747e+00 -1.52561e+00
2.01600e+05 1.00800e+03 -1.34375e+00 -1.26896e+00 -1.41854e+00 -1.43360e+00 -1.34286e+00 -1.52434e+00
2.02240e+05 1.01100e+03 -1.35942e+00 -1.16227e+00 -1.55656e+00 -1.43093e+00 -1.33891e+00 -1.52295e+00
2.02880e+05 1.01400e+03 -1.45445e+00 -1.38334e+00 -1.52557e+00 -1.42841e+00 -1.33542e+00 -1.52141e+00
2.03520e+05 1.01700e+03 -1.34294e+00 -1.22777e+00 -1.45811e+00 -1.42591e+00 -1.33223e+00 -1.51959e+00
2.04160e+05 1.02000e+03 -1.39812e+00 -1.22431e+00 -1.57194e+00 -1.42328e+00 -1.32927e+00 -1.51730e+00
2.04800e+05 1.02400e+03 -1.39386e+00 -1.25223e+00 -1.53548e+00 -1.42046e+00 -1.32659e+00 -1.51433e+00
2.05440e+05 1.02700e+03 -1.40893e+00 -1.31680e+00 -1.50105e+00 -1.41742e+00 -1.32426e+00 -1.51058e+00
2.06080e+05 1.03000e+03 -1.32355e+00 -1.24690e+00 -1.40019e+00 -1.41420e+00 -1.32239e+00 -1.50602e+00
2.06720e+05 1.03300e+03 -1.28687e+00 -1.21550e+00 -1.35823e+00 -1.41087e+00 -1.32101e+00 -1.50074e+00
2.07360e+05 1.03600e+03 -1.31489e+00 -1.23058e+00 -1.39919e+00 -1.40749e+00 -1.32006e+00 -1.49493e+00
2.08000e+05 1.04000e+03 -1.39649e+00 -1.30623e+00 -1.48675e+00 -1.40411e+00 -1.31941e+00 -1.48880e+00
2.08640e+05 1.04300e+03 -1.38973e+00 -1.26411e+00 -1.51535e+00 -1.40071e+00 -1.31885e+00 -1.48257e+00
2.09280e+05 1.04600e+03 -1.35519e+00 -1.24347e+00 -1.46691e+00 -1.39726e+00 -1.31812e+00 -1.47641e+00
2.09920e+05 1.04900e+03 -1.38841e+00 -1.27599e+00 -1.50083e+00 -1.39367e+00 -1.31698e+00 -1.47035e+00
2.10560e+05 1.05200e+03 -1.32552e+00 -1.22239e+00 -1.42865e+00 -1.38985e+00 -1.31529e+00 -1.46441e+00
2.11200e+05 1.05600e+03 -1.33044e+00 -1.26576e+00 -1.39513e+00 -1.38577e+00 -1.31296e+00 -1.45857e+00
2.11840e+05 1.05900e+03 -1.34099e+00 -1.24148e+00 -1.44051e+00 -1.38146e+00 -1.31005e+00 -1.45288e+00
2.12480e+05 1.06200e+03 -1.31513e+00 -1.25780e+00 -1.37246e+00 -1.37709e+00 -1.30676e+00 -1.44742e+00
2.13120e+05 1.06500e+03 -1.37797e+00 -1.22642e+00 -1.52951e+00 -1.37285e+00 -1.30334e+00 -1.44236e+00
2.13760e+05 1.06800e+03 -1.30527e+00 -1.11779e+00 -1.49274e+00 -1.36896e+00 -1.30008e+00 -1.43784e+00
2.14400e+05 1.07200e+03 -1.39931e+00 -1.31355e+00 -1.48507e+00 -1.36556e+00 -1.29716e+00 -1.43396e+00
2.15040e+05 1.07500e+03 -1.35171e+00 -1.21789e+00 -1.48553e+00 -1.36274e+00 -1.29471e+00 -1.43078e+00
2.15680e+05 1.07800e+03 -1.37599e+00 -1.27449e+00 -1.47748e+00 -1.36046e+00 -1.29267e+00 -1.42825e+00
2.16320e+05 1.08100e+03 -1.20283e+00 -1.12034e+00 -1.28533e+00 -1.35863e+00 -1.29096e+00 -1.42630e+00
2.16960e+05 1.08400e+03 -1.28350e+00 -1.18259e+00 -1.38441e+00 -1.35710e+00 -1.28948e+00 -1.42473e+00
2.17600e+05 1.08800e+03 -1.35180e+00 -1.19223e+00 -1.51137e+00 -1.35572e+00 -1.28813e+00 -1.42332e+00
2.18240e+05 1.09100e+03 -1.24949e+00 -1.14426e+00 -1.35473e+00 -1.35436e+00 -1.28686e+00 -1.42185e+00
2.18880e+05 1.09400e+03 -1.34106e+00 -1.25081e+00 -1.43131e+00 -1.35288e+00 -1.28562e+00 -1.42014e+00
2.19520e+05 1.09700e+03 -1.30196e+00 -1.22290e+00 -1.38102e+00 -1.35121e+00 -1.28438e+00 -1.41803e+00
2.20160e+05 1.10000e+03 -1.31026e+00 -1.22277e+00 -1.39775e+00 -1.34925e+00 -1.28310e+00 -1.41539e+00
2.20800e+05 1.10400e+03 -1.35091e+00 -1.28515e+00 -1.41666e+00 -1.34697e+00 -1.28174e+00 -1.41220e+00
2.21440e+05 1.10700e+03 -1.27062e+00 -1.23385e+00 -1.30740e+00 -1.34438e+00 -1.28026e+00 -1.40850e+00
2.22080e+05 1.11000e+03 -1.31177e+00 -1.18430e+00 -1.43924e+00 -1.34150e+00 -1.27858e+00 -1.40441e+00
2.22720e+05 1.11300e+03 -1.28198e+00 -1.20380e+00 -1.36016e+00 -1.33838e+00 -1.27665e+00 -1.40010e+00
2.23360e+05 1.11600e+03 -1.29574e+00 -1.16189e+00 -1.42959e+00 -1.33505e+00 -1.27446e+00 -1.39564e+00
2.24000e+05 1.12000e+03 -1.27398e+00 -1.09785e+00 -1.45011e+00 -1.33151e+00 -1.27202e+00 -1.39101e+00
2.24640e+05 1.12300e+03 -1.28588e+00 -1.22126e+00 -1.35050e+00 -1.32775e+00 -1.26935e+00 -1.38616e+00
2.25280e+05 1.12600e+03 -1.26921e+00 -1.10015e+00 -1.43827e+00 -1.32375e+00 -1.26646e+00 -1.38104e+00
2.25920e+05 1.12900e+03 -1.22165e+00 -1.17057e+00 -1.27274e+00 -1.31951e+00 -1.26331e+00 -1.37571e+00
2.26560e+05 1.13200e+03 -1.23189e+00 -1.11249e+00 -1.35130e+00 -1.31510e+00 -1.25986e+00 -1.37035e+00
2.27200e+05 1.13600e+03 -1.24935e+00 -1.12648e+00 -1.37222e+00 -1.31059e+00 -1.25602e+00 -1.36515e+00
2.27840e+05 1.13900e+03 -1.25409e+00 -1.17476e+00 -1.33341e+00 -1.30602e+00 -1.25169e+00 -1.36035e+00
2.28480e+05 1.14200e+03 -1.22266e+00 -1.08486e+00 -1.36047e+00 -1.30146e+00 -1.24681e+00 -1.35612e+00
2.29120e+05 1.14500e+03 -1.24331e+00 -1.15124e+00 -1.33539e+00 -1.29695e+00 -1.24135e+00 -1.35255e+00
2.29760e+05 1.14800e+03 -1.28813e+00 -1.04173e+00 -1.53453e+00 -1.29255e+00 -1.23539e+00 -1.34972e+00
2.30400e+05 1.15200e+03 -1.26675e+00 -1.14864e+00 -1.38486e+00 -1.28836e+00 -1.22908e+00 -1.34764e+00
2.31040e+05 1.15500e+03 -1.25972e+00 -1.15616e+00 -1.36327e+00 -1.28447e+00 -1.22259e+00 -1.34634e+00
2.31680e+05 1.15800e+03 -1.25423e+00 -1.09788e+00 -1.41058e+00 -1.28097e+00 -1.21615e+00 -1.34580e+00
2.32320e+05 1.16100e+03 -1.23554e+00 -1.07922e+00 -1.39187e+00 -1.27794e+00 -1.20995e+00 -1.34594e+00
2.32960e+05 1.16400e+03 -1.24517e+00 -1.18945e+00 -1.30090e+00 -1.27542e+00 -1.20423e+00 -1.34662e+00
2.33600e+05 1.16800e+03 -1.26445e+00 -1.14564e+00 -1.38327e+00 -1.27344e+00 -1.19914e+00 -1.34774e+00
2.34240e+05 1.17100e+03 -1.28033e+00 -1.11118e+00 -1.44947e+00 -1.27202e+00 -1.19482e+00 -1.34921e+00
2.34880e+05 1.17400e+03 -1.22711e+00 -1.15208e+00 -1.30213e+00 -1.27110e+00 -1.19130e+00 -1.35090e+00
2.35520e+05 1.17700e+03 -1.28266e+00 -1.20609e+00 -1.35922e+00 -1.27057e+00 -1.18852e+00 -1.35261e+00
2.36160e+05 1.18000e+03 -1.23324e+00 -1.15123e+00 -1.31525e+00 -1.27027e+00 -1.18644e+00 -1.35409e+00
2.36800e+05 1.18400e+03 -1.24046e+00 -1.08193e+00 -1.39898e+00 -1.26999e+00 -1.18490e+00 -1.35507e+00
2.37440e+05 1.18700e+03 -1.19751e+00 -1.12188e+00 -1.27314e+00 -1.26956e+00 -1.18379e+00 -1.35532e+00
2.38080e+05 1.19000e+03 -1.16977e+00 -1.09811e+00 -1.24143e+00 -1.26889e+00 -1.18302e+00 -1.35477e+00
2.38720e+05 1.19300e+03 -1.25726e+00 -1.13387e+00 -1.38065e+00 -1.26795e+00 -1.18252e+00 -1.35338e+00
2.39360e+05 1.19600e+03 -1.28766e+00 -1.10182e+00 -1.47350e+00 -1.26673e+00 -1.18223e+00 -1.35124e+00
2.40000e+05 1.20000e+03 -1.21920e+00 -1.04521e+00 -1.39319e+00 -1.26522e+00 -1.18202e+00 -1.34842e+00
2.40640e+05 1.20300e+03 -1.24196e+00 -1.13404e+00 -1.34988e+00 -1.26335e+00 -1.18166e+00 -1.34504e+00
2.41280e+05 1.20600e+03 -1.22531e+00 -1.12593e+00 -1.32468e+00 -1.26105e+00 -1.18087e+00 -1.34124e+00
2.41920e+05 1.20900e+03 -1.15667e+00 -1.09000e+00 -1.22334e+00 -1.25828e+00 -1.17938e+00 -1.33718e+00
2.42560e+05 1.21200e+03 -1.22153e+00 -1.16162e+00 -1.28144e+00 -1.25504e+00 -1.17699e+00 -1.33308e+00
2.43200e+05 1.21600e+03 -1.17761e+00 -1.06857e+00 -1.28666e+00 -1.25140e+00 -1.17361e+00 -1.32918e+00
2.43840e+05 1.21900e+03 -1.18376e+00 -1.05610e+00 -1.31143e+00 -1.24749e+00 -1.16932e+00 -1.32565e+00
2.44480e+05 1.22200e+03 -1.19898e+00 -1.03265e+00 -1.36532e+00 -1.24346e+00 -1.16437e+00 -1.32256e+00
2.45120e+05 1.22500e+03 -1.20119e+00 -1.03392e+00 -1.36846e+00 -1.23949e+00 -1.15913e+00 -1.31984e+00
2.45760e+05 1.22800e+03 -1.14464e+00 -1.04922e+00 -1.24006e+00 -1.23569e+00 -1.15400e+00 -1.31738e+00
2.46400e+05 1.23200e+03 -1.22096e+00 -1.08605e+00 -1.35587e+00 -1.23218e+00 -1.14928e+00 -1.31509e+00
2.47040e+05 1.23500e+03 -1.18257e+00 -1.02048e+00 -1.34465e+00 -1.22901e+00 -1.14509e+00 -1.31293e+00
2.47680e+05 1.23800e+03 -1.25881e+00 -1.12302e+00 -1.39460e+00 -1.22620e+00 -1.14143e+00 -1.31096e+00
2.48320e+05 1.24100e+03 -1.13551e+00 -1.06036e+00 -1.21066e+00 -1.22371e+00 -1.13812e+00 -1.30929e+00
2.48960e+05 1.24400e+03 -1.17804e+00 -1.03144e+00 -1.32465e+00 -1.22148e+00 -1.13493e+00 -1.30803e+00
2.49600e+05 1.24800e+03 -1.20663e+00 -1.12256e+00 -1.29070e+00 -1.21943e+00 -1.13159e+00 -1.30727e+00
2.50240e+05 1.25100e+03 -1.23248e+00 -1.09320e+00 -1.37176e+00 -1.21747e+00 -1.12791e+00 -1.30702e+00
2.50880e+05 1.25400e+03 -1.22226e+00 -1.07497e+00 -1.36955e+00 -1.21551e+00 -1.12382e+00 -1.30720e+00
2.51520e+05 1.25700e+03 -1.20399e+00 -1.04063e+00 -1.36734e+00 -1.21352e+00 -1.11936e+00 -1.30768e+00
2.52160e+05 1.26000e+03 -1.21672e+00 -1.08776e+00 -1.34567e+00 -1.21148e+00 -1.11465e+00 -1.30832e+00
2.52800e+05 1.26400e+03 -1.15021e+00 -1.05572e+00 -1.24469e+00 -1.20941e+00 -1.10985e+00 -1.30898e+00
2.53440e+05 1.26700e+03 -1.11339e+00 -1.01900e+00 -1.20778e+00 -1.20736e+00 -1.10517e+00 -1.30955e+00
2.54080e+05 1.27000e+03 -1.16237e+00 -1.08061e+00 -1.24413e+00 -1.20535e+00 -1.10081e+00 -1.30989e+00
2.54720e+05 1.27300e+03 -1.20386e+00 -1.10337e+00 -1.30435e+00 -1.20341e+00 -1.09695e+00 -1.30986e+00
2.55360e+05 1.27600e+03 -1.10106e+00 -1.01358e+00 -1.18854e+00 -1.20148e+00 -1.09366e+00 -1.30930e+00
2.56000e+05 1.28000e+03 -1.17116e+00 -1.06083e+00 -1.28150e+00 -1.19947e+00 -1.09090e+00 -1.30805e+00
2.56640e+05 1.28300e+03 -1.12495e+00 -1.00709e+00 -1.24281e+00 -1.19725e+00 -1.08859e+00 -1.30591e+00
2.57280e+05 1.28600e+03 -1.23623e+00 -1.06189e+00 -1.41058e+00 -1.19467e+00 -1.08655e+00 -1.30278e+00
2.57920e+05 1.28900e+03 -1.12645e+00 -1.03381e+00 -1.21909e+00 -1.19165e+00 -1.08465e+00 -1.29864e+00
2.58560e+05 1.29200e+03 -1.17632e+00 -1.02823e+00 -1.32441e+00 -1.18818e+00 -1.08275e+00 -1.29361e+00
2.59200e+05 1.29600e+03 -1.12306e+00 -1.00208e+00 -1.24404e+00 -1.18434e+00 -1.08071e+00 -1.28797e+00
2.59840e+05 1.29900e+03 -1.13022e+00 -1.01952e+00 -1.24091e+00 -1.18033e+00 -1.07848e+00 -1.28218e+00
2.60480e+05 1.30200e+03 -1.17642e+00 -1.11270e+00 -1.24014e+00 -1.17641e+00 -1.07603e+00 -1.27678e+00
2.61120e+05 1.30500e+03 -1.20353e+00 -1.08553e+00 -1.32152e+00 -1.17285e+00 -1.07342e+00 -1.27227e+00
2.61760e+05 1.30800e+03 -1.12118e+00 -1.00623e+00 -1.23613e+00 -1.16983e+00 -1.07069e+00 -1.26898e+00
2.62400e+05 1.31200e+03 -1.10299e+00 -9.36192e-01 -1.26979e+00 -1.16744e+00 -1.06793e+00 -1.26695e+00
2.63040e+05 1.31500e+03 -1.14258e+00 -1.06757e+00 -1.21758e+00 -1.16558e+00 -1.06518e+00 -1.26598e+00
2.63680e+05 1.31800e+03 -1.13282e+00 -1.03642e+00 -1.22922e+00 -1.16410e+00 -1.06246e+00 -1.26573e+00
2.64320e+05 1.32100e+03 -1.10493e+00 -9.50062e-01 -1.25980e+00 -1.16285e+00 -1.05984e+00 -1.26585e+00
2.64960e+05 1.32400e+03 -9.90850e-01 -9.06313e-01 -1.07539e+00 -1.16170e+00 -1.05735e+00 -1.26605e+00
2.65600e+05 1.32800e+03 -1.13423e+00 -9.82331e-01 -1.28614e+00 -1.16056e+00 -1.05499e+00 -1.26614e+00
2.66240e+05 1.33100e+03 -1.09094e+00 -9.57502e-01 -1.22438e+00 -1.15938e+00 -1.05274e+00 -1.26602e+00
2.66880e+05 1.33400e+03 -1.13406e+00 -9.89633e-01 -1.27849e+00 -1.15810e+00 -1.05052e+00 -1.26568e+00
2.67520e+05 1.33700e+03 -1.14637e+00 -9.83891e-01 -1.30885e+00 -1.15665e+00 -1.04822e+00 -1.26509e+00
2.68160e+05 1.34000e+03 -1.09705e+00 -9.38790e-01 -1.25531e+00 -1.15495e+00 -1.04571e+00 -1.26419e+00
2.68800e+05 1.34400e+03 -1.10733e+00 -9.54073e-01 -1.26058e+00 -1.15290e+00 -1.04289e+00 -1.26291e+00
2.69440e+05 1.34700e+03 -1.16682e+00 -9.97392e-01 -1.33625e+00 -1.15043e+00 -1.03969e+00 -1.26116e+00
2.70080e+05 1.35000e+03 -1.08601e+00 -9.39320e-01 -1.23270e+00 -1.14756e+00 -1.03612e+00 -1.25899e+00
2.70720e+05 1.35300e+03 -1.05461e+00 -9.04744e-01 -1.20447e+00 -1.14437e+00 -1.03220e+00 -1.25653e+00
2.71360e+05 1.35600e+03 -1.05296e+00 -1.00136e+00 -1.10456e+00 -1.14101e+00 -1.02801e+00 -1.25401e+00
2.72000e+05 1.36000e+03 -1.06633e+00 -9.64688e-01 -1.16797e+00 -1.13761e+00 -1.02356e+00 -1.25166e+00
2.72640e+05 1.36300e+03 -1.15404e+00 -9.64562e-01 -1.34352e+00 -1.13430e+00 -1.01894e+00 -1.24966e+00
2.73280e+05 1.36600e+03 -1.12036e+00 -1.02558e+00 -1.21514e+00 -1.13114e+00 -1.01419e+00 -1.24809e+00
2.73920e+05 1.36900e+03 -1.09642e+00 -1.00129e+00 -1.19156e+00 -1.12815e+00 -1.00939e+00 -1.24692e+00
2.74560e+05 1.37200e+03 -1.08390e+00 -9.64537e-01 -1.20327e+00 -1.12533e+00 -1.00462e+00 -1.24604e+00
2.75200e+05 1.37600e+03 -1.06998e+00 -9.18289e-01 -1.22167e+00 -1.12264e+00 -9.99987e-01 -1.24530e+00
2.75840e+05 1.37900e+03 -1.02984e+00 -8.81230e-01 -1.17845e+00 -1.12014e+00 -9.95643e-01 -1.24463e+00
2.76480e+05 1.38200e+03 -1.11553e+00 -1.04358e+00 -1.18747e+00 -1.11788e+00 -9.91750e-01 -1.24400e+00
2.77120e+05 1.38500e+03 -1.09937e+00 -9.82988e-01 -1.21574e+00 -1.11592e+00 -9.88478e-01 -1.24337e+00
2.77760e+05 1.38800e+03 -1.12472e+00 -9.31749e-01 -1.31769e+00 -1.11433e+00 -9.85947e-01 -1.24271e+00
2.78400e+05 1.39200e+03 -1.06173e+00 -9.25638e-01 -1.19783e+00 -1.11304e+00 -9.84173e-01 -1.24190e+00
2.79040e+05 1.39500e+03 -1.12162e+00 -9.86709e-01 -1.25653e+00 -1.11195e+00 -9.83068e-01 -1.24084e+00
2.79680e+05 1.39800e+03 -1.12725e+00 -9.85447e-01 -1.26905e+00 -1.11093e+00 -9.82462e-01 -1.23939e+00
2.80320e+05 1.40100e+03 -1.11288e+00 -9.28349e-01 -1.29742e+00 -1.10984e+00 -9.82180e-01 -1.23750e+00
2.80960e+05 1.40400e+03 -1.20013e+00 -9.51803e-01 -1.44846e+00 -1.10861e+00 -9.82053e-01 -1.23516e+00
2.81600e+05 1.40800e+03 -1.06593e+00 -8.74069e-01 -1.25780e+00 -1.10719e+00 -9.81925e-01 -1.23246e+00
2.82240e+05 1.41100e+03 -1.15422e+00 -9.13079e-01 -1.39537e+00 -1.10562e+00 -9.81666e-01 -1.22957e+00
2.82880e+05 1.41400e+03 -1.12325e+00 -1.01641e+00 -1.23009e+00 -1.10398e+00 -9.81177e-01 -1.22678e+00
2.83520e+05 1.41700e+03 -1.09163e+00 -8.40797e-01 -1.34246e+00 -1.10243e+00 -9.80399e-01 -1.22447e+00
2.84160e+05 1.42000e+03 -1.13293e+00 -9.03162e-01 -1.36269e+00 -1.10121e+00 -9.79301e-01 -1.22312e+00
2.84800e+05 1.42400e+03 -1.13974e+00 -9.66981e-01 -1.31249e+00 -1.10050e+00 -9.77837e-01 -1.22315e+00
2.85440e+05 1.42700e+03 -1.07536e+00 -8.97341e-01 -1.25338e+00 -1.10039e+00 -9.75937e-01 -1.22485e+00
2.86080e+05 1.43000e+03 -1.14967e+00 -9.54106e-01 -1.34523e+00 -1.10089e+00 -9.73533e-01 -1.22824e+00
2.86720e+05 1.43300e+03 -1.13506e+00 -9.13804e-01 -1.35631e+00 -1.10184e+00 -9.70600e-01 -1.23307e+00
2.87360e+05 1.43600e+03 -1.09482e+00 -8.74813e-01 -1.31482e+00 -1.10306e+00 -9.67201e-01 -1.23892e+00
2.88000e+05 1.44000e+03 -1.10968e+00 -9.45353e-01 -1.27401e+00 -1.10438e+00 -9.63471e-01 -1.24528e+00
2.88640e+05 1.44300e+03 -1.10672e+00 -9.40978e-01 -1.27247e+00 -1.10564e+00 -9.59573e-01 -1.25172e+00
2.89280e+05 1.44600e+03 -1.05719e+00 -9.18865e-01 -1.19552e+00 -1.10675e+00 -9.55655e-01 -1.25784e+00
2.89920e+05 1.44900e+03 -1.02628e+00 -8.96112e-01 -1.15645e+00 -1.10763e+00 -9.51816e-01 -1.26344e+00
2.90560e+05 1.45200e+03 -1.11647e+00 -9.32767e-01 -1.30017e+00 -1.10826e+00 -9.48121e-01 -1.26840e+00
2.91200e+05 1.45600e+03 -1.06502e+00 -9.27517e-01 -1.20251e+00 -1.10861e+00 -9.44599e-01 -1.27263e+00
2.91840e+05 1.45900e+03 -1.06721e+00 -8.71219e-01 -1.26320e+00 -1.10867e+00 -9.41276e-01 -1.27607e+00
2.92480e+05 1.46200e+03 -1.11032e+00 -9.61793e-01 -1.25884e+00 -1.10840e+00 -9.38190e-01 -1.27861e+00
2.93120e+05 1.46500e+03 -1.01815e+00 -8.93929e-01 -1.14238e+00 -1.10775e+00 -9.35378e-01 -1.28012e+00
2.93760e+05 1.46800e+03 -1.06369e+00 -9.19950e-01 -1.20742e+00 -1.10668e+00 -9.32869e-01 -1.28048e+00
2.94400e+05 1.47200e+03 -1.07600e+00 -9.20172e-01 -1.23182e+00 -1.10517e+00 -9.30683e-01 -1.27965e+00
2.95040e+05 1.47500e+03 -1.03259e+00 -8.63470e-01 -1.20171e+00 -1.10325e+00 -9.28847e-01 -1.27764e+00
2.95680e+05 1.47800e+03 -1.07535e+00 -8.84305e-01 -1.26639e+00 -1.10098e+00 -9.27392e-01 -1.27457e+00
2.96320e+05 1.48100e+03 -9.92960e-01 -8.45407e-01 -1.14051e+00 -1.09847e+00 -9.26355e-01 -1.27058e+00
2.96960e+05 1.48400e+03 -9.84742e-01 -8.58267e-01 -1.11122e+00 -1.09579e+00 -9.25748e-01 -1.26584e+00
2.97600e+05 1.48800e+03 -1.06465e+00 -9.13623e-01 -1.21567e+00 -1.09299e+00 -9.25532e-01 -1.26045e+00
2.98240e+05 1.49100e+03 -1.03938e+00 -8.26727e-01 -1.25203e+00 -1.09006e+00 -9.25601e-01 -1.25453e+00
2.98880e+05 1.49400e+03 -1.02480e+00 -9.47224e-01 -1.10238e+00 -1.08697e+00 -9.25791e-01 -1.24814e+00
2.99520e+05 1.49700e+03 -9.84809e-01 -8.91194e-01 -1.07842e+00 -1.08363e+00 -9.25919e-01 -1.24134e+00
3.00160e+05 1.50000e+03 -1.04157e+00 -9.46161e-01 -1.13697e+00 -1.08002e+00 -9.25851e-01 -1.23418e+00
3.00800e+05 1.50400e+03 -1.03061e+00 -9.01482e-01 -1.15974e+00 -1.07612e+00 -9.25536e-01 -1.22671e+00
3.01440e+05 1.50700e+03 -9.70050e-01 -8.51445e-01 -1.08866e+00 -1.07205e+00 -9.25007e-01 -1.21910e+00
3.02080e+05 1.51000e+03 -9.88645e-01 -8.86205e-01 -1.09109e+00 -1.06793e+00 -9.24351e-01 -1.21152e+00
3.02720e+05 1.51300e+03 -1.03101e+00 -9.36179e-01 -1.12584e+00 -1.06390e+00 -9.23678e-01 -1.20413e+00
3.03360e+05 1.51600e+03 -1.05802e+00 -1.00049e+00 -1.11556e+00 -1.06004e+00 -9.23100e-01 -1.19699e+00
3.04000e+05 1.52000e+03 -9.47876e-01 -8.43046e-01 -1.05271e+00 -1.05637e+00 -9.22695e-01 -1.19004e+00
3.04640e+05 1.52300e+03 -1.02508e+00 -8.70327e-01 -1.17984e+00 -1.05283e+00 -9.22486e-01 -1.18318e+00
3.05280e+05 1.52600e+03 -9.79302e-01 -8.94715e-01 -1.06389e+00 -1.04935e+00 -9.22439e-01 -1.17625e+00
3.05920e+05 1.52900e+03 -9.97926e-01 -8.85198e-01 -1.11065e+00 -1.04584e+00 -9.22482e-01 -1.16920e+00
3.06560e+05 1.53200e+03 -1.01985e+00 -9.06715e-01 -1.13298e+00 -1.04230e+00 -9.22529e-01 -1.16206e+00
3.07200e+05 1.53600e+03 -1.04849e+00 -9.01931e-01 -1.19504e+00 -1.03875e+00 -9.22491e-01 -1.15502e+00
3.07840e+05 1.53900e+03 -9.98998e-01 -8.26696e-01 -1.17130e+00 -1.03532e+00 -9.22274e-01 -1.14837e+00
3.08480e+05 1.54200e+03 -1.02826e+00 -9.10384e-01 -1.14613e+00 -1.03212e+00 -9.21797e-01 -1.14244e+00
3.09120e+05 1.54500e+03 -1.07096e+00 -8.42844e-01 -1.29907e+00 -1.02925e+00 -9.21011e-01 -1.13749e+00
3.09760e+05 1.54800e+03 -9.97415e-01 -8.40459e-01 -1.15437e+00 -1.02679e+00 -9.19916e-01 -1.13366e+00
3.10400e+05 1.55200e+03 -9.86634e-01 -8.76040e-01 -1.09723e+00 -1.02475e+00 -9.18566e-01 -1.13094e+00
3.11040e+05 1.55500e+03 -1.01103e+00 -9.12077e-01 -1.10998e+00 -1.02312e+00 -9.17062e-01 -1.12918e+00
3.11680e+05 1.55800e+03 -1.04334e+00 -8.87111e-01 -1.19958e+00 -1.02184e+00 -9.15544e-01 -1.12814e+00
3.12320e+05 1.56100e+03 -1.00783e+00 -8.92686e-01 -1.12297e+00 -1.02091e+00 -9.14171e-01 -1.12765e+00
3.12960e+05 1.56400e+03 -9.94849e-01 -8.76887e-01 -1.11281e+00 -1.02032e+00 -9.13090e-01 -1.12756e+00
3.13600e+05 1.56800e+03 -1.03777e+00 -9.36408e-01 -1.13914e+00 -1.02011e+00 -9.12389e-01 -1.12782e+00
3.14240e+05 1.57100e+03 -1.00674e+00 -9.25534e-01 -1.08795e+00 -1.02023e+00 -9.12078e-01 -1.12839e+00
3.14880e+05 1.57400e+03 -1.02156e+00 -9.04505e-01 -1.13862e+00 -1.02064e+00 -9.12118e-01 -1.12917e+00
3.15520e+05 1.57700e+03 -1.03100e+00 -9.37700e-01 -1.12430e+00 -1.02122e+00 -9.12458e-01 -1.12998e+00
3.16160e+05 1.58000e+03 -9.96919e-01 -9.22529e-01 -1.07131e+00 -1.02182e+00 -9.13071e-01 -1.13058e+00
3.16800e+05 1.58400e+03 -9.94814e-01 -8.96986e-01 -1.09264e+00 -1.02233e+00 -9.13972e-01 -1.13069e+00
3.17440e+05 1.58700e+03 -9.92705e-01 -8.68210e-01 -1.11720e+00 -1.02267e+00 -9.15201e-01 -1.13014e+00
3.18080e+05 1.59000e+03 -1.01164e+00 -8.82053e-01 -1.14124e+00 -1.02282e+00 -9.16793e-01 -1.12884e+00
3.18720e+05 1.59300e+03 -9.53342e-01 -9.37598e-01 -9.69087e-01 -1.02279e+00 -9.18761e-01 -1.12682e+00
3.19360e+05 1.59600e+03 -1.01612e+00 -8.90319e-01 -1.14192e+00 -1.02260e+00 -9.21063e-01 -1.12413e+00
3.20000e+05 1.60000e+03 -1.04697e+00 -9.47249e-01 -1.14669e+00 -1.02222e+00 -9.23577e-01 -1.12086e+00
3.20640e+05 1.60300e+03 -9.35562e-01 -8.97912e-01 -9.73213e-01 -1.02161e+00 -9.26112e-01 -1.11711e+00
3.21280e+05 1.60600e+03 -9.53065e-01 -8.74919e-01 -1.03121e+00 -1.02074e+00 -9.28442e-01 -1.11303e+00
3.21920e+05 1.60900e+03 -9.90980e-01 -8.89785e-01 -1.09218e+00 -1.01960e+00 -9.30375e-01 -1.10882e+00
3.22560e+05 1.61200e+03 -9.94485e-01 -9.10302e-01 -1.07867e+00 -1.01827e+00 -9.31817e-01 -1.10471e+00
3.23200e+05 1.61600e+03 -1.01438e+00 -8.80436e-01 -1.14831e+00 -1.01685e+00 -9.32765e-01 -1.10094e+00
3.23840e+05 1.61900e+03 -9.62229e-01 -8.66216e-01 -1.05824e+00 -1.01545e+00 -9.33288e-01 -1.09761e+00
3.24480e+05 1.62200e+03 -1.00636e+00 -9.43555e-01 -1.06916e+00 -1.01407e+00 -9.33466e-01 -1.09468e+00
3.25120e+05 1.62500e+03 -1.00357e+00 -9.50137e-01 -1.05700e+00 -1.01266e+00 -9.33332e-01 -1.09199e+00
3.25760e+05 1.62800e+03 -1.00404e+00 -9.11059e-01 -1.09702e+00 -1.01114e+00 -9.32872e-01 -1.08940e+00
3.26400e+05 1.63200e+03 -1.01054e+00 -8.95506e-01 -1.12558e+00 -1.00945e+00 -9.32010e-01 -1.08690e+00
3.27040e+05 1.63500e+03 -1.04236e+00 -9.05330e-01 -1.17939e+00 -1.00762e+00 -9.30670e-01 -1.08458e+00
3.27680e+05 1.63800e+03 -1.01967e+00 -8.98106e-01 -1.14124e+00 -1.00571e+00 -9.28825e-01 -1.08260e+00
3.28320e+05 1.64100e+03 -1.03617e+00 -8.90381e-01 -1.18196e+00 -1.00382e+00 -9.26533e-01 -1.08110e+00
3.28960e+05 1.64400e+03 -1.02490e+00 -9.48722e-01 -1.10108e+00 -1.00202e+00 -9.23927e-01 -1.08011e+00
3.29600e+05 1.64800e+03 -9.90814e-01 -8.68747e-01 -1.11288e+00 -1.00038e+00 -9.21178e-01 -1.07958e+00
3.30240e+05 1.65100e+03 -1.03811e+00 -9.70388e-01 -1.10584e+00 -9.98930e-01 -9.18471e-01 -1.07939e+00
3.30880e+05 1.65400e+03 -1.00274e+00 -8.50940e-01 -1.15455e+00 -9.97701e-01 -9.15985e-01 -1.07942e+00
3.31520e+05 1.65700e+03 -1.06936e+00 -9.19017e-01 -1.21971e+00 -9.96723e-01 -9.13879e-01 -1.07957e+00
3.32160e+05 1.66000e+03 -9.88548e-01 -9.30597e-01 -1.04650e+00 -9.96043e-01 -9.12288e-01 -1.07980e+00
3.32800e+05 1.66400e+03 -9.96191e-01 -9.40675e-01 -1.05171e+00 -9.95713e-01 -9.11324e-01 -1.08010e+00
3.33440e+05 1.66700e+03 -1.02834e+00 -9.08092e-01 -1.14858e+00 -9.95781e-01 -9.11054e-01 -1.08051e+00
3.34080e+05 1.67000e+03 -1.01790e+00 -9.47033e-01 -1.08877e+00 -9.96270e-01 -9.11462e-01 -1.08108e+00
3.34720e+05 1.67300e+03 -1.03606e+00 -9.25815e-01 -1.14630e+00 -9.97157e-01 -9.12426e-01 -1.08189e+00
3.35360e+05 1.67600e+03 -9.87553e-01 -9.06510e-01 -1.06860e+00 -9.98368e-01 -9.13745e-01 -1.08299e+00
3.36000e+05 1.68000e+03 -1.03329e+00 -8.71927e-01 -1.19466e+00 -9.99785e-01 -9.15200e-01 -1.08437e+00
3.36640e+05 1.68300e+03 -1.01455e+00 -9.15311e-01 -1.11378e+00 -1.00126e+00 -9.16606e-01 -1.08591e+00
3.37280e+05 1.68600e+03 -1.08166e+00 -9.00138e-01 -1.26319e+00 -1.00265e+00 -9.17862e-01 -1.08744e+00
3.37920e+05 1.68900e+03 -1.02174e+00 -8.73048e-01 -1.17043e+00 -1.00387e+00 -9.18935e-01 -1.08880e+00
3.38560e+05 1.69200e+03 -1.00932e+00 -9.21415e-01 -1.09722e+00 -1.00487e+00 -9.19842e-01 -1.08989e+00
3.39200e+05 1.69600e+03 -9.78617e-01 -8.53411e-01 -1.10382e+00 -1.00565e+00 -9.20597e-01 -1.09070e+00
3.39840e+05 1.69900e+03 -1.03889e+00 -8.68940e-01 -1.20885e+00 -1.00626e+00 -9.21192e-01 -1.09133e+00
3.40480e+05 1.70200e+03 -9.95872e-01 -9.01049e-01 -1.09069e+00 -1.00678e+00 -9.21583e-01 -1.09197e+00
3.41120e+05 1.70500e+03 -1.00691e+00 -8.96470e-01 -1.11736e+00 -1.00726e+00 -9.21715e-01 -1.09281e+00
3.41760e+05 1.70800e+03 -1.04223e+00 -8.98236e-01 -1.18622e+00 -1.00778e+00 -9.21558e-01 -1.09400e+00
3.42400e+05 1.71200e+03 -1.01682e+00 -8.70981e-01 -1.16266e+00 -1.00833e+00 -9.21109e-01 -1.09555e+00
3.43040e+05 1.71500e+03 -1.01475e+00 -8.65342e-01 -1.16415e+00 -1.00891e+00 -9.20405e-01 -1.09742e+00
3.43680e+05 1.71800e+03 -1.02348e+00 -8.97264e-01 -1.14969e+00 -1.00951e+00 -9.19505e-01 -1.09951e+00
3.44320e+05 1.72100e+03 -1.10057e+00 -9.42670e-01 -1.25846e+00 -1.01011e+00 -9.18477e-01 -1.10174e+00
3.44960e+05 1.72400e+03 -1.05414e+00 -9.48864e-01 -1.15941e+00 -1.01070e+00 -9.17367e-01 -1.10403e+00
3.45600e+05 1.72800e+03 -1.00189e+00 -8.99365e-01 -1.10442e+00 -1.01126e+00 -9.16185e-01 -1.10634e+00
3.46240e+05 1.73100e+03 -1.04152e+00 -9.10916e-01 -1.17212e+00 -1.01179e+00 -9.14916e-01 -1.10866e+00
3.46880e+05 1.73400e+03 -9.49277e-01 -8.01516e-01 -1.09704e+00 -1.01226e+00 -9.13556e-01 -1.11097e+00
3.47520e+05 1.73700e+03 -1.03046e+00 -8.82781e-01 -1.17815e+00 -1.01275e+00 -9.12168e-01 -1.11334e+00
3.48160e+05 1.74000e+03 -1.04597e+00 -9.41600e-01 -1.15034e+00 -1.01337e+00 -9.10881e-01 -1.11587e+00
3.48800e+05 1.74400e+03 -1.00475e+00 -8.40569e-01 -1.16893e+00 -1.01427e+00 -9.09882e-01 -1.11866e+00
3.49440e+05 1.74700e+03 -1.03904e+00 -8.39047e-01 -1.23903e+00 -1.01556e+00 -9.09352e-01 -1.12177e+00
3.50080e+05 1.75000e+03 -1.01280e+00 -8.66037e-01 -1.15956e+00 -1.01729e+00 -9.09399e-01 -1.12517e+00
3.50720e+05 1.75300e+03 -1.00744e+00 -8.58243e-01 -1.15664e+00 -1.01938e+00 -9.10011e-01 -1.12874e+00
3.51360e+05 1.75600e+03 -1.03512e+00 -8.67883e-01 -1.20236e+00 -1.02169e+00 -9.11048e-01 -1.13232e+00
3.52000e+05 1.76000e+03 -1.00466e+00 -8.57581e-01 -1.15173e+00 -1.02405e+00 -9.12286e-01 -1.13581e+00
3.52640e+05 1.76300e+03 -9.99294e-01 -8.03822e-01 -1.19477e+00 -1.02631e+00 -9.13459e-01 -1.13917e+00
3.53280e+05 1.76600e+03 -1.09793e+00 -9.73503e-01 -1.22235e+00 -1.02837e+00 -9.14313e-01 -1.14242e+00
3.53920e+05 1.76900e+03 -1.05689e+00 -9.46028e-01 -1.16775e+00 -1.03015e+00 -9.14652e-01 -1.14565e+00
3.54560e+05 1.77200e+03 -1.01534e+00 -9.20092e-01 -1.11059e+00 -1.03163e+00 -9.14358e-01 -1.14891e+00
3.55200e+05 1.77600e+03 -1.06848e+00 -9.25388e-01 -1.21156e+00 -1.03283e+00 -9.13412e-01 -1.15225e+00
3.55840e+05 1.77900e+03 -1.03738e+00 -8.76460e-01 -1.19830e+00 -1.03379e+00 -9.11901e-01 -1.15568e+00
3.56480e+05 1.78200e+03 -1.00664e+00 -8.86549e-01 -1.12673e+00 -1.03457e+00 -9.10026e-01 -1.15911e+00
3.57120e+05 1.78500e+03 -9.40848e-01 -8.01418e-01 -1.08028e+00 -1.03525e+00 -9.08089e-01 -1.16240e+00
3.57760e+05 1.78800e+03 -1.01797e+00 -8.01149e-01 -1.23479e+00 -1.03588e+00 -9.06427e-01 -1.16532e+00
3.58400e+05 1.79200e+03 -9.53786e-01 -8.55678e-01 -1.05189e+00 -1.03650e+00 -9.05323e-01 -1.16769e+00
3.59040e+05 1.79500e+03 -9.44283e-01 -8.18367e-01 -1.07020e+00 -1.03712e+00 -9.04909e-01 -1.16933e+00
3.59680e+05 1.79800e+03 -9.83936e-01 -8.99081e-01 -1.06879e+00 -1.03765e+00 -9.05110e-01 -1.17019e+00
3.60320e+05 1.80100e+03 -9.86623e-01 -8.69833e-01 -1.10341e+00 -1.03794e+00 -9.05665e-01 -1.17021e+00
3.60960e+05 1.80400e+03 -9.89818e-01 -8.29880e-01 -1.14976e+00 -1.03776e+00 -9.06208e-01 -1.16931e+00
3.61600e+05 1.80800e+03 -9.89362e-01 -8.49790e-01 -1.12893e+00 -1.03690e+00 -9.06388e-01 -1.16741e+00
3.62240e+05 1.81100e+03 -1.02879e+00 -9.43022e-01 -1.11456e+00 -1.03518e+00 -9.05951e-01 -1.16440e+00
3.62880e+05 1.81400e+03 -9.35793e-01 -8.32061e-01 -1.03952e+00 -1.03252e+00 -9.04774e-01 -1.16027e+00
3.63520e+05 1.81700e+03 -9.75999e-01 -8.84369e-01 -1.06763e+00 -1.02897e+00 -9.02883e-01 -1.15505e+00
3.64160e+05 1.82000e+03 -9.98824e-01 -9.07809e-01 -1.08984e+00 -1.02464e+00 -9.00418e-01 -1.14887e+00
3.64800e+05 1.82400e+03 -1.02693e+00 -9.22113e-01 -1.13175e+00 -1.01976e+00 -8.97594e-01 -1.14192e+00
3.65440e+05 1.82700e+03 -1.01075e+00 -9.36771e-01 -1.08473e+00 -1.01455e+00 -8.94664e-01 -1.13444e+00
3.66080e+05 1.83000e+03 -9.41359e-01 -8.54558e-01 -1.02816e+00 -1.00929e+00 -8.91876e-01 -1.12671e+00
3.66720e+05 1.83300e+03 -9.68037e-01 -8.72195e-01 -1.06388e+00 -1.00421e+00 -8.89430e-01 -1.11899e+00
3.67360e+05 1.83600e+03 -9.54392e-01 -8.77370e-01 -1.03141e+00 -9.99531e-01 -8.87466e-01 -1.11160e+00
3.68000e+05 1.84000e+03 -1.00093e+00 -8.32713e-01 -1.16915e+00 -9.95415e-01 -8.86058e-01 -1.10477e+00
3.68640e+05 1.84300e+03 -9.62559e-01 -8.77191e-01 -1.04793e+00 -9.91973e-01 -8.85230e-01 -1.09872e+00
3.69280e+05 1.84600e+03 -1.01888e+00 -9.07550e-01 -1.13022e+00 -9.89249e-01 -8.84974e-01 -1.09352e+00
3.69920e+05 1.84900e+03 -9.50519e-01 -8.70452e-01 -1.03059e+00 -9.87218e-01 -8.85258e-01 -1.08918e+00
3.70560e+05 1.85200e+03 -1.00692e+00 -9.62475e-01 -1.05137e+00 -9.85802e-01 -8.86028e-01 -1.08558e+00
3.71200e+05 1.85600e+03 -9.51803e-01 -8.95300e-01 -1.00831e+00 -9.84902e-01 -8.87201e-01 -1.08260e+00
3.71840e+05 1.85900e+03 -1.00145e+00 -8.74414e-01 -1.12849e+00 -9.84418e-01 -8.88674e-01 -1.08016e+00
3.72480e+05 1.86200e+03 -9.50698e-01 -8.81249e-01 -1.02015e+00 -9.84257e-01 -8.90333e-01 -1.07818e+00
3.73120e+05 1.86500e+03 -1.04592e+00 -1.00258e+00 -1.08927e+00 -9.84355e-01 -8.92061e-01 -1.07665e+00
3.73760e+05 1.86800e+03 -9.88704e-01 -8.93182e-01 -1.08423e+00 -9.84669e-01 -8.93762e-01 -1.07558e+00
3.74400e+05 1.87200e+03 -9.67182e-01 -9.03953e-01 -1.03041e+00 -9.85169e-01 -8.95358e-01 -1.07498e+00
3.75040e+05 1.87500e+03 -1.01260e+00 -9.00744e-01 -1.12445e+00 -9.85820e-01 -8.96790e-01 -1.07485e+00
3.75680e+05 1.87800e+03 -9.78613e-01 -9.11424e-01 -1.04580e+00 -9.86585e-01 -8.98034e-01 -1.07514e+00
3.76320e+05 1.88100e+03 -1.00038e+00 -9.38907e-01 -1.06186e+00 -9.87414e-01 -8.99118e-01 -1.07571e+00
3.76960e+05 1.88400e+03 -1.00251e+00 -9.24993e-01 -1.08003e+00 -9.88247e-01 -9.00124e-01 -1.07637e+00
3.77600e+05 1.88800e+03 -9.67422e-01 -8.86093e-01 -1.04875e+00 -9.89020e-01 -9.01162e-01 -1.07688e+00
3.78240e+05 1.89100e+03 -9.62749e-01 -9.05866e-01 -1.01963e+00 -9.89684e-01 -9.02328e-01 -1.07704e+00
3.78880e+05 1.89400e+03 -9.98702e-01 -9.13639e-01 -1.08377e+00 -9.90201e-01 -9.03690e-01 -1.07671e+00
3.79520e+05 1.89700e+03 -9.75600e-01 -9.38759e-01 -1.01244e+00 -9.90566e-01 -9.05274e-01 -1.07586e+00
3.80160e+05 1.90000e+03 -9.73880e-01 -8.81009e-01 -1.06675e+00 -9.90780e-01 -9.07066e-01 -1.07449e+00
3.80800e+05 1.90400e+03 -9.73599e-01 -8.97648e-01 -1.04955e+00 -9.90810e-01 -9.09022e-01 -1.07260e+00
3.81440e+05 1.90700e+03 -9.98179e-01 -9.34756e-01 -1.06160e+00 -9.90637e-01 -9.11104e-01 -1.07017e+00
3.82080e+05 1.91000e+03 -9.90107e-01 -9.20832e-01 -1.05938e+00 -9.90227e-01 -9.13278e-01 -1.06718e+00
3.82720e+05 1.91300e+03 -9.91086e-01 -8.19484e-01 -1.16269e+00 -9.89569e-01 -9.15516e-01 -1.06362e+00
3.83360e+05 1.91600e+03 -9.68432e-01 -9.20803e-01 -1.01606e+00 -9.88687e-01 -9.17769e-01 -1.05960e+00
3.84000e+05 1.92000e+03 -9.94548e-01 -9.05215e-01 -1.08388e+00 -9.87632e-01 -9.19969e-01 -1.05529e+00
3.84640e+05 1.92300e+03 -1.03457e+00 -8.92324e-01 -1.17682e+00 -9.86488e-01 -9.22037e-01 -1.05094e+00
3.85280e+05 1.92600e+03 -9.52967e-01 -8.49651e-01 -1.05628e+00 -9.85362e-01 -9.23909e-01 -1.04681e+00
3.85920e+05 1.92900e+03 -9.77276e-01 -8.65658e-01 -1.08889e+00 -9.84344e-01 -9.25555e-01 -1.04313e+00
3.86560e+05 1.93200e+03 -9.47615e-01 -9.06621e-01 -9.88609e-01 -9.83514e-01 -9.26962e-01 -1.04007e+00
3.87200e+05 1.93600e+03 -9.25414e-01 -8.67060e-01 -9.83767e-01 -9.82890e-01 -9.28112e-01 -1.03767e+00
3.87840e+05 1.93900e+03 -9.47110e-01 -8.87418e-01 -1.00680e+00 -9.82436e-01 -9.28950e-01 -1.03592e+00
3.88480e+05 1.94200e+03 -9.59753e-01 -9.31040e-01 -9.88467e-01 -9.82061e-01 -9.29391e-01 -1.03473e+00
3.89120e+05 1.94500e+03 -9.34288e-01 -8.84804e-01 -9.83771e-01 -9.81640e-01 -9.29327e-01 -1.03395e+00
3.89760e+05 1.94800e+03 -9.32993e-01 -8.70036e-01 -9.95950e-01 -9.81027e-01 -9.28654e-01 -1.03340e+00
3.90400e+05 1.95200e+03 -1.01602e+00 -9.17968e-01 -1.11407e+00 -9.80090e-01 -9.27303e-01 -1.03288e+00
3.91040e+05 1.95500e+03 -9.51693e-01 -9.00562e-01 -1.00282e+00 -9.78733e-01 -9.25261e-01 -1.03220e+00
3.91680e+05 1.95800e+03 -9.74093e-01 -8.94163e-01 -1.05402e+00 -9.76912e-01 -9.22586e-01 -1.03124e+00
3.92320e+05 1.96100e+03 -9.63444e-01 -8.59076e-01 -1.06781e+00 -9.74666e-01 -9.19389e-01 -1.02994e+00
3.92960e+05 1.96400e+03 -1.00151e+00 -9.28890e-01 -1.07413e+00 -9.72094e-01 -9.15810e-01 -1.02838e+00
3.93600e+05 1.96800e+03 -9.48788e-01 -8.94322e-01 -1.00325e+00 -9.69341e-01 -9.12004e-01 -1.02668e+00
3.94240e+05 1.97100e+03 -9.27504e-01 -9.14501e-01 -9.40507e-01 -9.66576e-01 -9.08124e-01 -1.02503e+00
3.94880e+05 1.97400e+03 -9.00508e-01 -8.70152e-01 -9.30863e-01 -9.63965e-01 -9.04317e-01 -1.02361e+00
3.95520e+05 1.97700e+03 -9.86100e-01 -9.32708e-01 -1.03949e+00 -9.61621e-01 -9.00729e-01 -1.02251e+00
3.96160e+05 1.98000e+03 -9.44589e-01 -8.68477e-01 -1.02070e+00 -9.59615e-01 -8.97527e-01 -1.02170e+00
3.96800e+05 1.98400e+03 -9.26573e-01 -8.31173e-01 -1.02197e+00 -9.57937e-01 -8.94888e-01 -1.02099e+00
3.97440e+05 1.98700e+03 -9.09333e-01 -8.54964e-01 -9.63702e-01 -9.56519e-01 -8.92964e-01 -1.02007e+00
3.98080e+05 1.99000e+03 -9.10205e-01 -8.39252e-01 -9.81159e-01 -9.55258e-01 -8.91850e-01 -1.01867e+00
3.98720e+05 1.99300e+03 -9.04965e-01 -8.74810e-01 -9.35120e-01 -9.54059e-01 -8.91559e-01 -1.01656e+00
3.99360e+05 1.99600e+03 -9.02287e-01 -8.29374e-01 -9.75200e-01 -9.52864e-01 -8.92020e-01 -1.01371e+00
4.00000e+05 2.00000e+03 -8.76797e-01 -8.11591e-01 -9.42002e-01 -9.51637e-01 -8.93067e-01 -1.01021e+00
4.00640e+05 2.00300e+03 -9.10168e-01 -8.51887e-01 -9.68450e-01 -9.50342e-01 -8.94448e-01 -1.00624e+00
4.01280e+05 2.00600e+03 -9.04687e-01 -8.16648e-01 -9.92726e-01 -9.48933e-01 -8.95851e-01 -1.00202e+00
4.01920e+05 2.00900e+03 -8.76012e-01 -8.20269e-01 -9.31756e-01 -9.47339e-01 -8.96962e-01 -9.97715e-01
4.02560e+05 2.01200e+03 -9.57158e-01 -8.81122e-01 -1.03319e+00 -9.45482e-01 -8.97516e-01 -9.93447e-01
4.03200e+05 2.01600e+03 -9.46544e-01 -8.69517e-01 -1.02357e+00 -9.43289e-01 -8.97353e-01 -9.89225e-01
4.03840e+05 2.01900e+03 -9.68164e-01 -8.58276e-01 -1.07805e+00 -9.40720e-01 -8.96436e-01 -9.85004e-01
4.04480e+05 2.02200e+03 -9.48898e-01 -9.04895e-01 -9.92900e-01 -9.37802e-01 -8.94852e-01 -9.80753e-01
4.05120e+05 2.02500e+03 -9.95451e-01 -9.35804e-01 -1.05510e+00 -9.34641e-01 -8.92777e-01 -9.76505e-01
4.05760e+05 2.02800e+03 -9.69028e-01 -8.19722e-01 -1.11833e+00 -9.31419e-01 -8.90446e-01 -9.72391e-01
4.06400e+05 2.03200e+03 -9.50144e-01 -8.67972e-01 -1.03232e+00 -9.28385e-01 -8.88119e-01 -9.68651e-01
4.07040e+05 2.03500e+03 -9.27889e-01 -8.14828e-01 -1.04095e+00 -9.25816e-01 -8.86042e-01 -9.65589e-01
4.07680e+05 2.03800e+03 -9.59524e-01 -8.25101e-01 -1.09395e+00 -9.23968e-01 -8.84417e-01 -9.63519e-01
4.08320e+05 2.04100e+03 -9.33282e-01 -8.37100e-01 -1.02946e+00 -9.23032e-01 -8.83355e-01 -9.62710e-01
4.08960e+05 2.04400e+03 -9.36391e-01 -8.30314e-01 -1.04247e+00 -9.23099e-01 -8.82847e-01 -9.63351e-01
4.09600e+05 2.04800e+03 -9.48074e-01 -8.34655e-01 -1.06149e+00 -9.24132e-01 -8.82748e-01 -9.65516e-01
4.10240e+05 2.05100e+03 -8.87892e-01 -7.41005e-01 -1.03478e+00 -9.25977e-01 -8.82812e-01 -9.69142e-01
4.10880e+05 2.05400e+03 -9.11371e-01 -8.15934e-01 -1.00681e+00 -9.28392e-01 -8.82759e-01 -9.74025e-01
4.11520e+05 2.05700e+03 -9.40261e-01 -8.77233e-01 -1.00329e+00 -9.31094e-01 -8.82337e-01 -9.79852e-01
4.12160e+05 2.06000e+03 -9.40980e-01 -8.21582e-01 -1.06038e+00 -9.33811e-01 -8.81371e-01 -9.86251e-01
4.12800e+05 2.06400e+03 -9.62822e-01 -8.78066e-01 -1.04758e+00 -9.36320e-01 -8.79788e-01 -9.92851e-01
4.13440e+05 2.06700e+03 -8.97908e-01 -8.26232e-01 -9.69585e-01 -9.38466e-01 -8.77609e-01 -9.99322e-01
4.14080e+05 2.07000e+03 -9.65630e-01 -8.36926e-01 -1.09433e+00 -9.40181e-01 -8.74931e-01 -1.00543e+00
4.14720e+05 2.07300e+03 -9.42380e-01 -8.45938e-01 -1.03882e+00 -9.41462e-01 -8.71913e-01 -1.01101e+00
4.15360e+05 2.07600e+03 -9.16296e-01 -8.13121e-01 -1.01947e+00 -9.42376e-01 -8.68751e-01 -1.01600e+00
4.16000e+05 2.08000e+03 -9.46582e-01 -8.68395e-01 -1.02477e+00 -9.43015e-01 -8.65653e-01 -1.02038e+00
4.16640e+05 2.08300e+03 -9.75024e-01 -8.76223e-01 -1.07382e+00 -9.43479e-01 -8.62816e-01 -1.02414e+00
4.17280e+05 2.08600e+03 -9.53518e-01 -8.37324e-01 -1.06971e+00 -9.43853e-01 -8.60385e-01 -1.02732e+00
4.17920e+05 2.08900e+03 -8.97553e-01 -7.95445e-01 -9.99661e-01 -9.44180e-01 -8.58442e-01 -1.02992e+00
4.18560e+05 2.09200e+03 -9.35582e-01 -8.17563e-01 -1.05360e+00 -9.44470e-01 -8.56993e-01 -1.03195e+00
4.19200e+05 2.09600e+03 -9.26631e-01 -8.56030e-01 -9.97231e-01 -9.44716e-01 -8.55982e-01 -1.03345e+00
4.19840e+05 2.09900e+03 -9.63707e-01 -8.35018e-01 -1.09240e+00 -9.44903e-01 -8.55320e-01 -1.03449e+00
4.20480e+05 2.10200e+03 -9.31257e-01 -7.94577e-01 -1.06794e+00 -9.45020e-01 -8.54904e-01 -1.03514e+00
4.21120e+05 2.10500e+03 -8.60241e-01 -7.79703e-01 -9.40779e-01 -9.45071e-01 -8.54626e-01 -1.03552e+00
4.21760e+05 2.10800e+03 -9.23198e-01 -7.94700e-01 -1.05170e+00 -9.45054e-01 -8.54386e-01 -1.03572e+00
4.22400e+05 2.11200e+03 -9.28834e-01 -7.86200e-01 -1.07147e+00 -9.44953e-01 -8.54092e-01 -1.03582e+00
4.23040e+05 2.11500e+03 -9.23898e-01 -8.24663e-01 -1.02313e+00 -9.44718e-01 -8.53644e-01 -1.03579e+00
4.23680e+05 2.11800e+03 -8.72734e-01 -7.40054e-01 -1.00541e+00 -9.44252e-01 -8.52935e-01 -1.03557e+00
4.24320e+05 2.12100e+03 -1.02218e+00 -8.57142e-01 -1.18721e+00 -9.43444e-01 -8.51854e-01 -1.03503e+00
4.24960e+05 2.12400e+03 -9.21499e-01 -7.63188e-01 -1.07981e+00 -9.42220e-01 -8.50333e-01 -1.03411e+00
4.25600e+05 2.12800e+03 -9.52922e-01 -8.10645e-01 -1.09520e+00 -9.40591e-01 -8.48365e-01 -1.03282e+00
4.26240e+05 2.13100e+03 -9.62660e-01 -7.85980e-01 -1.13934e+00 -9.38662e-01 -8.45992e-01 -1.03133e+00
4.26880e+05 2.13400e+03 -9.58033e-01 -8.60401e-01 -1.05566e+00 -9.36608e-01 -8.43286e-01 -1.02993e+00
4.27520e+05 2.13700e+03 -9.45093e-01 -8.14711e-01 -1.07548e+00 -9.34644e-01 -8.40321e-01 -1.02897e+00
4.28160e+05 2.14000e+03 -9.78311e-01 -8.38732e-01 -1.11789e+00 -9.32985e-01 -8.37181e-01 -1.02879e+00
4.28800e+05 2.14400e+03 -9.76502e-01 -7.93027e-01 -1.15998e+00 -9.31805e-01 -8.33958e-01 -1.02965e+00
4.29440e+05 2.14700e+03 -9.54193e-01 -8.57436e-01 -1.05095e+00 -9.31214e-01 -8.30776e-01 -1.03165e+00
4.30080e+05 2.15000e+03 -8.67677e-01 -7.71874e-01 -9.63481e-01 -9.31249e-01 -8.27805e-01 -1.03469e+00
4.30720e+05 2.15300e+03 -9.77708e-01 -8.38766e-01 -1.11665e+00 -9.31875e-01 -8.25242e-01 -1.03851e+00
4.31360e+05 2.15600e+03 -8.90331e-01 -7.72865e-01 -1.00780e+00 -9.33002e-01 -8.23270e-01 -1.04273e+00
4.32000e+05 2.16000e+03 -9.35970e-01 -8.33960e-01 -1.03798e+00 -9.34500e-01 -8.21994e-01 -1.04701e+00
4.32640e+05 2.16300e+03 -9.07969e-01 -8.42701e-01 -9.73237e-01 -9.36191e-01 -8.21408e-01 -1.05097e+00
4.33280e+05 2.16600e+03 -9.31934e-01 -8.40029e-01 -1.02384e+00 -9.37866e-01 -8.21402e-01 -1.05433e+00
4.33920e+05 2.16900e+03 -9.19790e-01 -7.90482e-01 -1.04910e+00 -9.39326e-01 -8.21792e-01 -1.05686e+00
4.34560e+05 2.17200e+03 -9.28214e-01 -8.22103e-01 -1.03432e+00 -9.40403e-01 -8.22388e-01 -1.05842e+00
4.35200e+05 2.17600e+03 -9.39664e-01 -8.04234e-01 -1.07509e+00 -9.40989e-01 -8.23021e-01 -1.05896e+00
4.35840e+05 2.17900e+03 -9.25430e-01 -7.66576e-01 -1.08428e+00 -9.41020e-01 -8.23566e-01 -1.05847e+00
4.36480e+05 2.18200e+03 -9.29068e-01 -8.18459e-01 -1.03968e+00 -9.40507e-01 -8.23933e-01 -1.05708e+00
4.37120e+05 2.18500e+03 -8.99558e-01 -7.68959e-01 -1.03016e+00 -9.39504e-01 -8.24057e-01 -1.05495e+00
4.37760e+05 2.18800e+03 -8.55081e-01 -7.29862e-01 -9.80300e-01 -9.38121e-01 -8.23903e-01 -1.05234e+00
4.38400e+05 2.19200e+03 -8.61902e-01 -7.45107e-01 -9.78698e-01 -9.36489e-01 -8.23466e-01 -1.04951e+00
4.39040e+05 2.19500e+03 -9.60041e-01 -7.98485e-01 -1.12160e+00 -9.34727e-01 -8.22759e-01 -1.04669e+00
4.39680e+05 2.19800e+03 -8.89088e-01 -7.41381e-01 -1.03679e+00 -9.32918e-01 -8.21800e-01 -1.04404e+00
4.40320e+05 2.20100e+03 -8.61837e-01 -7.06885e-01 -1.01679e+00 -9.31086e-01 -8.20596e-01 -1.04157e+00
4.40960e+05 2.20400e+03 -8.73950e-01 -7.61946e-01 -9.85954e-01 -9.29201e-01 -8.19137e-01 -1.03927e+00
4.41600e+05 2.20800e+03 -9.38830e-01 -7.87496e-01 -1.09016e+00 -9.27198e-01 -8.17397e-01 -1.03700e+00
4.42240e+05 2.21100e+03 -9.57126e-01 -8.22202e-01 -1.09205e+00 -9.25009e-01 -8.15357e-01 -1.03466e+00
4.42880e+05 2.21400e+03 -8.66345e-01 -7.04950e-01 -1.02774e+00 -9.22595e-01 -8.13023e-01 -1.03217e+00
4.43520e+05 2.21700e+03 -8.81762e-01 -7.55372e-01 -1.00815e+00 -9.19968e-01 -8.10433e-01 -1.02950e+00
4.44160e+05 2.22000e+03 -8.91145e-01 -7.46737e-01 -1.03555e+00 -9.17188e-01 -8.07661e-01 -1.02672e+00
4.44800e+05 2.22400e+03 -8.90000e-01 -7.89254e-01 -9.90745e-01 -9.14370e-01 -8.04809e-01 -1.02393e+00
4.45440e+05 2.22700e+03 -9.31171e-01 -8.39185e-01 -1.02316e+00 -9.11664e-01 -8.01967e-01 -1.02136e+00
4.46080e+05 2.23000e+03 -8.73761e-01 -7.80106e-01 -9.67416e-01 -9.09221e-01 -7.99189e-01 -1.01925e+00
4.46720e+05 2.23300e+03 -8.96194e-01 -7.47123e-01 -1.04526e+00 -9.07151e-01 -7.96489e-01 -1.01781e+00
4.47360e+05 2.23600e+03 -8.48797e-01 -7.37545e-01 -9.60049e-01 -9.05503e-01 -7.93857e-01 -1.01715e+00
4.48000e+05 2.24000e+03 -8.83630e-01 -7.77177e-01 -9.90082e-01 -9.04256e-01 -7.91301e-01 -1.01721e+00
4.48640e+05 2.24300e+03 -9.26875e-01 -7.75034e-01 -1.07872e+00 -9.03328e-01 -7.88870e-01 -1.01779e+00
4.49280e+05 2.24600e+03 -8.58120e-01 -6.85299e-01 -1.03094e+00 -9.02593e-01 -7.86621e-01 -1.01857e+00
4.49920e+05 2.24900e+03 -8.65725e-01 -7.49842e-01 -9.81608e-01 -9.01898e-01 -7.84604e-01 -1.01919e+00
4.50560e+05 2.25200e+03 -8.21245e-01 -7.55341e-01 -8.87149e-01 -9.01108e-01 -7.82846e-01 -1.01937e+00
4.51200e+05 2.25600e+03 -8.57069e-01 -7.67500e-01 -9.46638e-01 -9.00142e-01 -7.81367e-01 -1.01892e+00
4.51840e+05 2.25900e+03 -8.93185e-01 -7.57342e-01 -1.02903e+00 -8.98991e-01 -7.80166e-01 -1.01782e+00
4.52480e+05 2.26200e+03 -8.74799e-01 -7.69464e-01 -9.80134e-01 -8.97682e-01 -7.79207e-01 -1.01616e+00
4.53120e+05 2.26500e+03 -8.43036e-01 -7.08959e-01 -9.77113e-01 -8.96240e-01 -7.78421e-01 -1.01406e+00
4.53760e+05 2.26800e+03 -8.00676e-01 -6.66461e-01 -9.34891e-01 -8.94670e-01 -7.77731e-01 -1.01161e+00
4.54400e+05 2.27200e+03 -8.51837e-01 -7.77056e-01 -9.26618e-01 -8.92957e-01 -7.77076e-01 -1.00884e+00
4.55040e+05 2.27500e+03 -8.77882e-01 -7.59387e-01 -9.96378e-01 -8.91083e-01 -7.76428e-01 -1.00574e+00
4.55680e+05 2.27800e+03 -8.60864e-01 -7.43396e-01 -9.78332e-01 -8.89048e-01 -7.75778e-01 -1.00232e+00
4.56320e+05 2.28100e+03 -8.89658e-01 -8.24649e-01 -9.54666e-01 -8.86863e-01 -7.75113e-01 -9.98614e-01
4.56960e+05 2.28400e+03 -9.02061e-01 -7.57003e-01 -1.04712e+00 -8.84556e-01 -7.74391e-01 -9.94720e-01
4.57600e+05 2.28800e+03 -8.55824e-01 -7.71524e-01 -9.40125e-01 -8.82156e-01 -7.73560e-01 -9.90752e-01
4.58240e+05 2.29100e+03 -8.78421e-01 -8.46475e-01 -9.10367e-01 -8.79709e-01 -7.72565e-01 -9.86853e-01
4.58880e+05 2.29400e+03 -9.07278e-01 -8.11594e-01 -1.00296e+00 -8.77264e-01 -7.71397e-01 -9.83131e-01
4.59520e+05 2.29700e+03 -8.70948e-01 -7.80381e-01 -9.61515e-01 -8.74900e-01 -7.70104e-01 -9.79696e-01
4.60160e+05 2.30000e+03 -8.52924e-01 -7.50231e-01 -9.55618e-01 -8.72699e-01 -7.68818e-01 -9.76580e-01
4.60800e+05 2.30400e+03 -8.42798e-01 -7.61786e-01 -9.23809e-01 -8.70746e-01 -7.67718e-01 -9.73774e-01
4.61440e+05 2.30700e+03 -8.90820e-01 -7.96955e-01 -9.84684e-01 -8.69088e-01 -7.66996e-01 -9.71179e-01
4.62080e+05 2.31000e+03 -8.70917e-01 -8.13039e-01 -9.28795e-01 -8.67726e-01 -7.66784e-01 -9.68667e-01
4.62720e+05 2.31300e+03 -8.41660e-01 -7.32208e-01 -9.51112e-01 -8.66607e-01 -7.67107e-01 -9.66107e-01
4.63360e+05 2.31600e+03 -8.49876e-01 -7.35063e-01 -9.64689e-01 -8.65642e-01 -7.67879e-01 -9.63405e-01
4.64000e+05 2.32000e+03 -8.12659e-01 -7.17160e-01 -9.08158e-01 -8.64746e-01 -7.68941e-01 -9.60551e-01
4.64640e+05 2.32300e+03 -8.44573e-01 -7.35718e-01 -9.53428e-01 -8.63876e-01 -7.70141e-01 -9.57612e-01
4.65280e+05 2.32600e+03 -8.41203e-01 -7.75055e-01 -9.07352e-01 -8.63044e-01 -7.71380e-01 -9.54707e-01
4.65920e+05 2.32900e+03 -7.79036e-01 -7.21803e-01 -8.36269e-01 -8.62302e-01 -7.72623e-01 -9.51980e-01
4.66560e+05 2.33200e+03 -8.46187e-01 -7.44741e-01 -9.47633e-01 -8.61710e-01 -7.73860e-01 -9.49559e-01
4.67200e+05 2.33600e+03 -8.64792e-01 -7.91260e-01 -9.38325e-01 -8.61294e-01 -7.75053e-01 -9.47535e-01
4.67840e+05 2.33900e+03 -7.98068e-01 -7.52129e-01 -8.44008e-01 -8.61013e-01 -7.76104e-01 -9.45922e-01
4.68480e+05 2.34200e+03 -8.43329e-01 -7.68896e-01 -9.17761e-01 -8.60751e-01 -7.76864e-01 -9.44638e-01
4.69120e+05 2.34500e+03 -8.19460e-01 -7.67851e-01 -8.71069e-01 -8.60349e-01 -7.77202e-01 -9.43497e-01
4.69760e+05 2.34800e+03 -8.94903e-01 -7.95222e-01 -9.94585e-01 -8.59664e-01 -7.77062e-01 -9.42265e-01
4.70400e+05 2.35200e+03 -8.76651e-01 -8.02968e-01 -9.50334e-01 -8.58614e-01 -7.76506e-01 -9.40721e-01
4.71040e+05 2.35500e+03 -8.49459e-01 -7.73482e-01 -9.25436e-01 -8.57203e-01 -7.75685e-01 -9.38721e-01
4.71680e+05 2.35800e+03 -8.32017e-01 -7.42345e-01 -9.21690e-01 -8.55511e-01 -7.74788e-01 -9.36234e-01
4.72320e+05 2.36100e+03 -8.56275e-01 -7.72945e-01 -9.39605e-01 -8.53678e-01 -7.73995e-01 -9.33362e-01
4.72960e+05 2.36400e+03 -8.31488e-01 -7.59933e-01 -9.03044e-01 -8.51877e-01 -7.73452e-01 -9.30302e-01
4.73600e+05 2.36800e+03 -8.64105e-01 -8.05908e-01 -9.22301e-01 -8.50289e-01 -7.73276e-01 -9.27301e-01
4.74240e+05 2.37100e+03 -8.37167e-01 -6.88651e-01 -9.85682e-01 -8.49068e-01 -7.73548e-01 -9.24587e-01
4.74880e+05 2.37400e+03 -8.47915e-01 -7.64416e-01 -9.31413e-01 -8.48314e-01 -7.74298e-01 -9.22331e-01
4.75520e+05 2.37700e+03 -9.19333e-01 -8.54395e-01 -9.84271e-01 -8.48060e-01 -7.75495e-01 -9.20625e-01
4.76160e+05 2.38000e+03 -8.79649e-01 -8.21775e-01 -9.37523e-01 -8.48278e-01 -7.77066e-01 -9.19491e-01
4.76800e+05 2.38400e+03 -9.11311e-01 -8.13942e-01 -1.00868e+00 -8.48900e-01 -7.78916e-01 -9.18883e-01
4.77440e+05 2.38700e+03 -8.64806e-01 -7.76153e-01 -9.53459e-01 -8.49835e-01 -7.80964e-01 -9.18705e-01
4.78080e+05 2.39000e+03 -8.79738e-01 -7.89743e-01 -9.69733e-01 -8.50984e-01 -7.83142e-01 -9.18827e-01
4.78720e+05 2.39300e+03 -9.03508e-01 -7.99010e-01 -1.00800e+00 -8.52254e-01 -7.85391e-01 -9.19117e-01
4.79360e+05 2.39600e+03 -8.63219e-01 -7.64827e-01 -9.61612e-01 -8.53568e-01 -7.87656e-01 -9.19480e-01
4.80000e+05 2.40000e+03 -8.62997e-01 -7.55684e-01 -9.70311e-01 -8.54890e-01 -7.89887e-01 -9.19893e-01
4.80640e+05 2.40300e+03 -8.80279e-01 -7.78103e-01 -9.82455e-01 -8.56229e-01 -7.92052e-01 -9.20405e-01
4.81280e+05 2.40600e+03 -8.81606e-01 -7.81072e-01 -9.82140e-01 -8.57616e-01 -7.94128e-01 -9.21104e-01
4.81920e+05 2.40900e+03 -8.28076e-01 -7.49663e-01 -9.06489e-01 -8.59079e-01 -7.96085e-01 -9.22072e-01
4.82560e+05 2.41200e+03 -8.86516e-01 -8.07985e-01 -9.65048e-01 -8.60605e-01 -7.97868e-01 -9.23343e-01
4.83200e+05 2.41600e+03 -8.55757e-01 -7.52624e-01 -9.58890e-01 -8.62139e-01 -7.99401e-01 -9.24878e-01
4.83840e+05 2.41900e+03 -8.43538e-01 -7.68696e-01 -9.18380e-01 -8.63587e-01 -8.00597e-01 -9.26577e-01
4.84480e+05 2.42200e+03 -8.23762e-01 -7.71722e-01 -8.75802e-01 -8.64838e-01 -8.01380e-01 -9.28296e-01
4.85120e+05 2.42500e+03 -8.17592e-01 -7.41476e-01 -8.93707e-01 -8.65783e-01 -8.01699e-01 -9.29867e-01
4.85760e+05 2.42800e+03 -8.16778e-01 -7.71081e-01 -8.62474e-01 -8.66344e-01 -8.01559e-01 -9.31129e-01
4.86400e+05 2.43200e+03 -8.46975e-01 -7.39922e-01 -9.54027e-01 -8.66487e-01 -8.01027e-01 -9.31947e-01
4.87040e+05 2.43500e+03 -8.63845e-01 -8.18546e-01 -9.09144e-01 -8.66228e-01 -8.00237e-01 -9.32218e-01
4.87680e+05 2.43800e+03 -8.00648e-01 -6.81830e-01 -9.19466e-01 -8.65607e-01 -7.99371e-01 -9.31843e-01
4.88320e+05 2.44100e+03 -8.26577e-01 -7.70923e-01 -8.82230e-01 -8.64663e-01 -7.98609e-01 -9.30717e-01
4.88960e+05 2.44400e+03 -8.28314e-01 -7.48318e-01 -9.08309e-01 -8.63418e-01 -7.98088e-01 -9.28747e-01
4.89600e+05 2.44800e+03 -7.76432e-01 -7.03563e-01 -8.49301e-01 -8.61878e-01 -7.97856e-01 -9.25900e-01
4.90240e+05 2.45100e+03 -8.32395e-01 -7.32546e-01 -9.32244e-01 -8.60051e-01 -7.97869e-01 -9.22232e-01
4.90880e+05 2.45400e+03 -8.10966e-01 -7.53381e-01 -8.68552e-01 -8.57953e-01 -7.98013e-01 -9.17893e-01
4.91520e+05 2.45700e+03 -8.83829e-01 -8.14414e-01 -9.53243e-01 -8.55603e-01 -7.98128e-01 -9.13079e-01
4.92160e+05 2.46000e+03 -7.90648e-01 -6.81629e-01 -8.99666e-01 -8.53013e-01 -7.98030e-01 -9.07996e-01
4.92800e+05 2.46400e+03 -8.11030e-01 -7.70571e-01 -8.51489e-01 -8.50180e-01 -7.97542e-01 -9.02818e-01
4.93440e+05 2.46700e+03 -7.97162e-01 -7.22229e-01 -8.72095e-01 -8.47107e-01 -7.96525e-01 -8.97689e-01
4.94080e+05 2.47000e+03 -8.07982e-01 -7.36934e-01 -8.79030e-01 -8.43826e-01 -7.94912e-01 -8.92740e-01
4.94720e+05 2.47300e+03 -8.46051e-01 -7.75364e-01 -9.16737e-01 -8.40414e-01 -7.92725e-01 -8.88103e-01
4.95360e+05 2.47600e+03 -8.13378e-01 -7.37397e-01 -8.89358e-01 -8.36979e-01 -7.90060e-01 -8.83898e-01
4.96000e+05 2.48000e+03 -8.13228e-01 -7.53293e-01 -8.73163e-01 -8.33626e-01 -7.87054e-01 -8.80199e-01
4.96640e+05 2.48300e+03 -7.92405e-01 -7.58910e-01 -8.25901e-01 -8.30439e-01 -7.83868e-01 -8.77009e-01
4.97280e+05 2.48600e+03 -7.90809e-01 -6.70222e-01 -9.11395e-01 -8.27472e-01 -7.80665e-01 -8.74279e-01
4.97920e+05 2.48900e+03 -8.01981e-01 -7.36549e-01 -8.67413e-01 -8.24768e-01 -7.77607e-01 -8.71929e-01
4.98560e+05 2.49200e+03 -7.97320e-01 -7.43702e-01 -8.50938e-01 -8.22357e-01 -7.74843e-01 -8.69872e-01
4.99200e+05 2.49600e+03 -8.29485e-01 -7.83849e-01 -8.75121e-01 -8.20262e-01 -7.72499e-01 -8.68025e-01
4.99840e+05 2.49900e+03 -7.95057e-01 -7.03366e-01 -8.86747e-01 -8.18476e-01 -7.70639e-01 -8.66314e-01
