0.00000e+00 0.00000e+00 -5.74337e+00 -5.48828e+00 -5.99845e+00 -5.74337e+00 -5.48828e+00 -5.99845e+00
6.40000e+02 3.00000e+00 -5.57069e+00 -5.26013e+00 -5.88125e+00 -5.74337e+00 -5.48828e+00 -5.99845e+00
1.28000e+03 6.00000e+00 -5.71777e+00 -5.36248e+00 -6.07306e+00 -5.74337e+00 -5.48828e+00 -5.99845e+00
1.92000e+03 9.00000e+00 -5.57266e+00 -5.34390e+00 -5.80143e+00 -5.74336e+00 -5.48828e+00 -5.99844e+00
2.56000e+03 1.20000e+01 -5.52919e+00 -5.31956e+00 -5.73883e+00 -5.74331e+00 -5.48827e+00 -5.99834e+00
3.20000e+03 1.60000e+01 -5.37783e+00 -4.80170e+00 -5.95396e+00 -5.74304e+00 -5.48824e+00 -5.99783e+00
3.84000e+03 1.90000e+01 -5.35782e+00 -5.16224e+00 -5.55341e+00 -5.74219e+00 -5.48810e+00 -5.99628e+00
4.48000e+03 2.20000e+01 -5.73678e+00 -5.43081e+00 -6.04275e+00 -5.74024e+00 -5.48777e+00 -5.99271e+00
5.12000e+03 2.50000e+01 -5.37673e+00 -4.97032e+00 -5.78314e+00 -5.73660e+00 -5.48720e+00 -5.98600e+00
5.76000e+03 2.80000e+01 -5.55066e+00 -5.41495e+00 -5.68637e+00 -5.73071e+00 -5.48639e+00 -5.97503e+00
6.40000e+03 3.20000e+01 -5.30940e+00 -4.98979e+00 -5.62901e+00 -5.72213e+00 -5.48547e+00 -5.95879e+00
7.04000e+03 3.50000e+01 -5.32347e+00 -4.95504e+00 -5.69190e+00 -5.71058e+00 -5.48470e+00 -5.93645e+00
7.68000e+03 3.80000e+01 -5.28252e+00 -5.01782e+00 -5.54722e+00 -5.69598e+00 -5.48444e+00 -5.90752e+00
8.32000e+03 4.10000e+01 -5.44583e+00 -5.20931e+00 -5.68235e+00 -5.67859e+00 -5.48514e+00 -5.87203e+00
8.96000e+03 4.40000e+01 -5.22861e+00 -4.99840e+00 -5.45881e+00 -5.65899e+00 -5.48741e+00 -5.83057e+00
9.60000e+03 4.80000e+01 -5.23477e+00 -5.03268e+00 -5.43687e+00 -5.63802e+00 -5.49183e+00 -5.78421e+00
1.02400e+04 5.10000e+01 -5.29417e+00 -5.15595e+00 -5.43239e+00 -5.61655e+00 -5.49874e+00 -5.73436e+00
1.08800e+04 5.40000e+01 -5.34844e+00 -5.01807e+00 -5.67881e+00 -5.59519e+00 -5.50786e+00 -5.68251e+00
1.15200e+04 5.70000e+01 -5.21937e+00 -5.06193e+00 -5.37681e+00 -5.57410e+00 -5.51796e+00 -5.63024e+00
1.21600e+04 6.00000e+01 -4.81735e+00 -4.70217e+00 -4.93252e+00 -5.55297e+00 -5.52603e+00 -5.57992e+00
1.28000e+04 6.40000e+01 -5.12632e+00 -4.98828e+00 -5.26437e+00 -5.53116e+00 -5.51475e+00 -5.54757e+00
1.34400e+04 6.70000e+01 -5.29126e+00 -4.95607e+00 -5.62646e+00 -5.50807e+00 -5.47102e+00 -5.54512e+00
1.40800e+04 7.00000e+01 -5.25377e+00 -4.77219e+00 -5.73535e+00 -5.48338e+00 -5.42480e+00 -5.54196e+00
1.47200e+04 7.30000e+01 -4.86204e+00 -4.82045e+00 -4.90364e+00 -5.45723e+00 -5.38106e+00 -5.53340e+00
1.53600e+04 7.60000e+01 -5.34349e+00 -4.88134e+00 -5.80564e+00 -5.42999e+00 -5.34094e+00 -5.51904e+00
1.60000e+04 8.00000e+01 -5.07600e+00 -4.73071e+00 -5.42130e+00 -5.40225e+00 -5.30512e+00 -5.49938e+00
1.66400e+04 8.30000e+01 -4.89099e+00 -4.67158e+00 -5.11039e+00 -5.37464e+00 -5.27386e+00 -5.47542e+00
1.72800e+04 8.60000e+01 -4.72463e+00 -4.43092e+00 -5.01834e+00 -5.34776e+00 -5.24703e+00 -5.44848e+00
1.79200e+04 8.90000e+01 -4.73592e+00 -4.44086e+00 -5.03097e+00 -5.32212e+00 -5.22423e+00 -5.42000e+00
1.85600e+04 9.20000e+01 -4.81147e+00 -4.58497e+00 -5.03796e+00 -5.29807e+00 -5.20482e+00 -5.39132e+00
1.92000e+04 9.60000e+01 -4.50203e+00 -4.14016e+00 -4.86390e+00 -5.27576e+00 -5.18810e+00 -5.36341e+00
1.98400e+04 9.90000e+01 -4.77738e+00 -4.58990e+00 -4.96487e+00 -5.25493e+00 -5.17317e+00 -5.33670e+00
2.04800e+04 1.02000e+02 -4.94887e+00 -4.66953e+00 -5.22821e+00 -5.23502e+00 -5.15905e+00 -5.31099e+00
2.11200e+04 1.05000e+02 -4.87772e+00 -4.40751e+00 -5.34793e+00 -5.21522e+00 -5.14473e+00 -5.28571e+00
2.17600e+04 1.08000e+02 -4.50290e+00 -4.22378e+00 -4.78201e+00 -5.19477e+00 -5.12942e+00 -5.26013e+00
2.24000e+04 1.12000e+02 -4.99524e+00 -4.78185e+00 -5.20863e+00 -5.17305e+00 -5.11246e+00 -5.23365e+00
2.30400e+04 1.15000e+02 -4.88078e+00 -4.53711e+00 -5.22445e+00 -5.14964e+00 -5.09327e+00 -5.20600e+00
2.36800e+04 1.18000e+02 -4.95713e+00 -4.68250e+00 -5.23175e+00 -5.12429e+00 -5.07120e+00 -5.17739e+00
2.43200e+04 1.21000e+02 -4.61803e+00 -4.09443e+00 -5.14162e+00 -5.09697e+00 -5.04561e+00 -5.14834e+00
2.49600e+04 1.24000e+02 -4.53424e+00 -4.38360e+00 -4.68488e+00 -5.06781e+00 -5.01606e+00 -5.11957e+00
2.56000e+04 1.28000e+02 -4.33981e+00 -4.10862e+00 -4.57101e+00 -5.03719e+00 -4.98266e+00 -5.09173e+00
2.62400e+04 1.31000e+02 -4.21343e+00 -3.92896e+00 -4.49791e+00 -5.00567e+00 -4.94604e+00 -5.06530e+00
2.68800e+04 1.34000e+02 -4.46123e+00 -4.24946e+00 -4.67301e+00 -4.97380e+00 -4.90726e+00 -5.04035e+00
2.75200e+04 1.37000e+02 -4.51166e+00 -4.38773e+00 -4.63559e+00 -4.94193e+00 -4.86747e+00 -5.01640e+00
2.81600e+04 1.40000e+02 -4.36133e+00 -4.14396e+00 -4.57870e+00 -4.90996e+00 -4.82764e+00 -4.99228e+00
2.88000e+04 1.44000e+02 -4.19443e+00 -4.07114e+00 -4.31771e+00 -4.87743e+00 -4.78856e+00 -4.96630e+00
2.94400e+04 1.47000e+02 -4.07098e+00 -3.99557e+00 -4.14638e+00 -4.84383e+00 -4.75091e+00 -4.93675e+00
3.00800e+04 1.50000e+02 -4.34888e+00 -4.23268e+00 -4.46508e+00 -4.80891e+00 -4.71531e+00 -4.90251e+00
3.07200e+04 1.53000e+02 -4.25295e+00 -4.15107e+00 -4.35482e+00 -4.77294e+00 -4.68238e+00 -4.86349e+00
3.13600e+04 1.56000e+02 -4.13768e+00 -3.97649e+00 -4.29887e+00 -4.73653e+00 -4.65254e+00 -4.82052e+00
3.20000e+04 1.60000e+02 -4.28542e+00 -4.05925e+00 -4.51158e+00 -4.70037e+00 -4.62581e+00 -4.77493e+00
3.26400e+04 1.63000e+02 -4.59709e+00 -4.49141e+00 -4.70277e+00 -4.66492e+00 -4.60178e+00 -4.72806e+00
3.32800e+04 1.66000e+02 -4.05226e+00 -3.93347e+00 -4.17104e+00 -4.63038e+00 -4.57972e+00 -4.68104e+00
3.39200e+04 1.69000e+02 -4.40185e+00 -4.12749e+00 -4.67621e+00 -4.59674e+00 -4.55877e+00 -4.63471e+00
3.45600e+04 1.72000e+02 -4.18389e+00 -4.11274e+00 -4.25504e+00 -4.56395e+00 -4.53812e+00 -4.58977e+00
3.52000e+04 1.76000e+02 -4.18173e+00 -3.88981e+00 -4.47365e+00 -4.53197e+00 -4.51652e+00 -4.54742e+00
3.58400e+04 1.79000e+02 -4.03799e+00 -3.75423e+00 -4.32175e+00 -4.50085e+00 -4.48975e+00 -4.51194e+00
3.64800e+04 1.82000e+02 -4.07965e+00 -3.98633e+00 -4.17298e+00 -4.47065e+00 -4.45419e+00 -4.48710e+00
3.71200e+04 1.85000e+02 -3.95354e+00 -3.89227e+00 -4.01481e+00 -4.44147e+00 -4.41662e+00 -4.46632e+00
3.77600e+04 1.88000e+02 -4.03710e+00 -3.78317e+00 -4.29103e+00 -4.41340e+00 -4.38057e+00 -4.44623e+00
3.84000e+04 1.92000e+02 -4.11769e+00 -3.99903e+00 -4.23635e+00 -4.38642e+00 -4.34710e+00 -4.42574e+00
3.90400e+04 1.95000e+02 -4.14404e+00 -4.06539e+00 -4.22270e+00 -4.36041e+00 -4.31669e+00 -4.40413e+00
3.96800e+04 1.98000e+02 -3.88917e+00 -3.86363e+00 -3.91471e+00 -4.33517e+00 -4.28941e+00 -4.38093e+00
4.03200e+04 2.01000e+02 -3.85957e+00 -3.74811e+00 -3.97104e+00 -4.31050e+00 -4.26503e+00 -4.35597e+00
4.09600e+04 2.04000e+02 -3.69718e+00 -3.50647e+00 -3.88789e+00 -4.28626e+00 -4.24306e+00 -4.32947e+00
4.16000e+04 2.08000e+02 -3.99862e+00 -3.75232e+00 -4.24492e+00 -4.26245e+00 -4.22291e+00 -4.30198e+00
4.22400e+04 2.11000e+02 -3.81695e+00 -3.50852e+00 -4.12538e+00 -4.23916e+00 -4.20398e+00 -4.27434e+00
4.28800e+04 2.14000e+02 -3.84472e+00 -3.65895e+00 -4.03049e+00 -4.21650e+00 -4.18570e+00 -4.24730e+00
4.35200e+04 2.17000e+02 -3.89074e+00 -3.75502e+00 -4.02646e+00 -4.19437e+00 -4.16746e+00 -4.22127e+00
4.41600e+04 2.20000e+02 -3.59628e+00 -3.48415e+00 -3.70841e+00 -4.17242e+00 -4.14862e+00 -4.19622e+00
4.48000e+04 2.24000e+02 -3.64057e+00 -3.51103e+00 -3.77011e+00 -4.15016e+00 -4.12840e+00 -4.17192e+00
4.54400e+04 2.27000e+02 -3.82749e+00 -3.63126e+00 -4.02371e+00 -4.12715e+00 -4.10603e+00 -4.14827e+00
4.60800e+04 2.30000e+02 -3.60642e+00 -3.42966e+00 -3.78318e+00 -4.10319e+00 -4.08097e+00 -4.12540e+00
4.67200e+04 2.33000e+02 -3.84658e+00 -3.59322e+00 -4.09994e+00 -4.07830e+00 -4.05330e+00 -4.10331e+00
4.73600e+04 2.36000e+02 -3.70773e+00 -3.63402e+00 -3.78144e+00 -4.05266e+00 -4.02358e+00 -4.08175e+00
4.80000e+04 2.40000e+02 -3.68643e+00 -3.44675e+00 -3.92612e+00 -4.02648e+00 -3.99261e+00 -4.06035e+00
4.86400e+04 2.43000e+02 -3.66169e+00 -3.50619e+00 -3.81720e+00 -3.99995e+00 -3.96117e+00 -4.03873e+00
4.92800e+04 2.46000e+02 -3.43910e+00 -3.29975e+00 -3.57845e+00 -3.97332e+00 -3.92992e+00 -4.01671e+00
4.99200e+04 2.49000e+02 -3.46903e+00 -3.34340e+00 -3.59467e+00 -3.94682e+00 -3.89935e+00 -3.99429e+00
5.05600e+04 2.52000e+02 -3.44558e+00 -3.26564e+00 -3.62553e+00 -3.92072e+00 -3.86972e+00 -3.97172e+00
5.12000e+04 2.56000e+02 -3.41029e+00 -3.16190e+00 -3.65869e+00 -3.89515e+00 -3.84110e+00 -3.94920e+00
5.18400e+04 2.59000e+02 -3.39160e+00 -3.31765e+00 -3.46555e+00 -3.87015e+00 -3.81351e+00 -3.92680e+00
5.24800e+04 2.62000e+02 -3.62055e+00 -3.60310e+00 -3.63801e+00 -3.84563e+00 -3.78699e+00 -3.90427e+00
5.31200e+04 2.65000e+02 -3.39941e+00 -3.24822e+00 -3.55059e+00 -3.82141e+00 -3.76163e+00 -3.88118e+00
5.37600e+04 2.68000e+02 -3.48991e+00 -3.27500e+00 -3.70481e+00 -3.79726e+00 -3.73746e+00 -3.85705e+00
5.44000e+04 2.72000e+02 -3.30233e+00 -3.27249e+00 -3.33217e+00 -3.77293e+00 -3.71439e+00 -3.83147e+00
5.50400e+04 2.75000e+02 -3.43673e+00 -3.31097e+00 -3.56249e+00 -3.74818e+00 -3.69209e+00 -3.80428e+00
5.56800e+04 2.78000e+02 -3.38446e+00 -3.21513e+00 -3.55378e+00 -3.72284e+00 -3.67012e+00 -3.77556e+00
5.63200e+04 2.81000e+02 -3.36552e+00 -3.20405e+00 -3.52699e+00 -3.69687e+00 -3.64795e+00 -3.74579e+00
5.69600e+04 2.84000e+02 -3.29710e+00 -3.20257e+00 -3.39163e+00 -3.67043e+00 -3.62521e+00 -3.71566e+00
5.76000e+04 2.88000e+02 -3.42668e+00 -3.33401e+00 -3.51935e+00 -3.64387e+00 -3.60177e+00 -3.68597e+00
5.82400e+04 2.91000e+02 -3.07515e+00 -2.85710e+00 -3.29320e+00 -3.61769e+00 -3.57781e+00 -3.65757e+00
5.88800e+04 2.94000e+02 -3.28540e+00 -3.12550e+00 -3.44531e+00 -3.59249e+00 -3.55366e+00 -3.63132e+00
5.95200e+04 2.97000e+02 -3.36324e+00 -3.05002e+00 -3.67646e+00 -3.56875e+00 -3.52969e+00 -3.60781e+00
6.01600e+04 3.00000e+02 -3.17312e+00 -3.15826e+00 -3.18798e+00 -3.54669e+00 -3.50608e+00 -3.58730e+00
6.08000e+04 3.04000e+02 -3.25206e+00 -2.93999e+00 -3.56412e+00 -3.52618e+00 -3.48284e+00 -3.56952e+00
6.14400e+04 3.07000e+02 -3.06360e+00 -2.96577e+00 -3.16142e+00 -3.50678e+00 -3.45979e+00 -3.55378e+00
6.20800e+04 3.10000e+02 -3.05475e+00 -2.75723e+00 -3.35227e+00 -3.48794e+00 -3.43675e+00 -3.53913e+00
6.27200e+04 3.13000e+02 -3.05972e+00 -2.87662e+00 -3.24281e+00 -3.46910e+00 -3.41364e+00 -3.52456e+00
6.33600e+04 3.16000e+02 -3.24680e+00 -3.14338e+00 -3.35022e+00 -3.44990e+00 -3.39052e+00 -3.50928e+00
6.40000e+04 3.20000e+02 -3.10406e+00 -2.94017e+00 -3.26794e+00 -3.43022e+00 -3.36755e+00 -3.49289e+00
6.46400e+04 3.23000e+02 -3.10407e+00 -3.06421e+00 -3.14393e+00 -3.41008e+00 -3.34479e+00 -3.47537e+00
6.52800e+04 3.26000e+02 -3.22698e+00 -3.02972e+00 -3.42424e+00 -3.38957e+00 -3.32222e+00 -3.45692e+00
6.59200e+04 3.29000e+02 -3.06594e+00 -2.79329e+00 -3.33859e+00 -3.36880e+00 -3.29975e+00 -3.43786e+00
6.65600e+04 3.32000e+02 -3.06488e+00 -2.90712e+00 -3.22264e+00 -3.34799e+00 -3.27742e+00 -3.41856e+00
6.72000e+04 3.36000e+02 -2.95752e+00 -2.89645e+00 -3.01859e+00 -3.32742e+00 -3.25544e+00 -3.39940e+00
6.78400e+04 3.39000e+02 -2.95229e+00 -2.76754e+00 -3.13704e+00 -3.30744e+00 -3.23412e+00 -3.38075e+00
6.84800e+04 3.42000e+02 -2.76472e+00 -2.69317e+00 -2.83627e+00 -3.28821e+00 -3.21359e+00 -3.36284e+00
6.91200e+04 3.45000e+02 -2.98041e+00 -2.75549e+00 -3.20533e+00 -3.26978e+00 -3.19377e+00 -3.34578e+00
6.97600e+04 3.48000e+02 -3.22951e+00 -3.10301e+00 -3.35600e+00 -3.25191e+00 -3.17431e+00 -3.32951e+00
7.04000e+04 3.52000e+02 -3.11206e+00 -2.85311e+00 -3.37101e+00 -3.23429e+00 -3.15472e+00 -3.31386e+00
7.10400e+04 3.55000e+02 -3.11720e+00 -2.90460e+00 -3.32980e+00 -3.21655e+00 -3.13451e+00 -3.29860e+00
7.16800e+04 3.58000e+02 -2.96010e+00 -2.81342e+00 -3.10679e+00 -3.19837e+00 -3.11324e+00 -3.28350e+00
7.23200e+04 3.61000e+02 -2.63313e+00 -2.48440e+00 -2.78186e+00 -3.17955e+00 -3.09074e+00 -3.26836e+00
7.29600e+04 3.64000e+02 -2.77571e+00 -2.71406e+00 -2.83736e+00 -3.16009e+00 -3.06714e+00 -3.25303e+00
7.36000e+04 3.68000e+02 -2.81611e+00 -2.63889e+00 -2.99334e+00 -3.14023e+00 -3.04295e+00 -3.23750e+00
7.42400e+04 3.71000e+02 -2.89720e+00 -2.86910e+00 -2.92530e+00 -3.12037e+00 -3.01894e+00 -3.22180e+00
7.48800e+04 3.74000e+02 -2.68431e+00 -2.50147e+00 -2.86715e+00 -3.10093e+00 -2.99586e+00 -3.20600e+00
7.55200e+04 3.77000e+02 -2.71892e+00 -2.60610e+00 -2.83174e+00 -3.08211e+00 -2.97417e+00 -3.19006e+00
7.61600e+04 3.80000e+02 -2.51123e+00 -2.43448e+00 -2.58798e+00 -3.06381e+00 -2.95382e+00 -3.17379e+00
7.68000e+04 3.84000e+02 -2.82393e+00 -2.53288e+00 -3.11498e+00 -3.04567e+00 -2.93444e+00 -3.15689e+00
7.74400e+04 3.87000e+02 -2.70764e+00 -2.67110e+00 -2.74418e+00 -3.02725e+00 -2.91551e+00 -3.13899e+00
7.80800e+04 3.90000e+02 -2.75311e+00 -2.62354e+00 -2.88268e+00 -3.00818e+00 -2.89661e+00 -3.11976e+00
7.87200e+04 3.93000e+02 -2.57833e+00 -2.42438e+00 -2.73228e+00 -2.98819e+00 -2.87745e+00 -3.09892e+00
7.93600e+04 3.96000e+02 -2.66618e+00 -2.44982e+00 -2.88254e+00 -2.96713e+00 -2.85787e+00 -3.07639e+00
8.00000e+04 4.00000e+02 -2.63974e+00 -2.54579e+00 -2.73370e+00 -2.94504e+00 -2.83774e+00 -3.05235e+00
8.06400e+04 4.03000e+02 -2.53894e+00 -2.40601e+00 -2.67188e+00 -2.92217e+00 -2.81704e+00 -3.02730e+00
8.12800e+04 4.06000e+02 -2.66543e+00 -2.48302e+00 -2.84785e+00 -2.89895e+00 -2.79597e+00 -3.00194e+00
8.19200e+04 4.09000e+02 -2.50639e+00 -2.50195e+00 -2.51083e+00 -2.87598e+00 -2.77489e+00 -2.97706e+00
8.25600e+04 4.12000e+02 -2.57574e+00 -2.42743e+00 -2.72405e+00 -2.85383e+00 -2.75422e+00 -2.95345e+00
8.32000e+04 4.16000e+02 -2.50879e+00 -2.33576e+00 -2.68182e+00 -2.83300e+00 -2.73431e+00 -2.93169e+00
8.38400e+04 4.19000e+02 -2.35442e+00 -2.23520e+00 -2.47363e+00 -2.81362e+00 -2.71530e+00 -2.91195e+00
8.44800e+04 4.22000e+02 -2.50812e+00 -2.33659e+00 -2.67966e+00 -2.79553e+00 -2.69710e+00 -2.89397e+00
8.51200e+04 4.25000e+02 -2.43535e+00 -2.20634e+00 -2.66436e+00 -2.77828e+00 -2.67940e+00 -2.87716e+00
8.57600e+04 4.28000e+02 -2.46142e+00 -2.41752e+00 -2.50532e+00 -2.76135e+00 -2.66188e+00 -2.86082e+00
8.64000e+04 4.32000e+02 -2.45986e+00 -2.33708e+00 -2.58264e+00 -2.74434e+00 -2.64421e+00 -2.84446e+00
8.70400e+04 4.35000e+02 -2.50263e+00 -2.36197e+00 -2.64329e+00 -2.72703e+00 -2.62612e+00 -2.82794e+00
8.76800e+04 4.38000e+02 -2.45068e+00 -2.33435e+00 -2.56700e+00 -2.70938e+00 -2.60736e+00 -2.81140e+00
8.83200e+04 4.41000e+02 -2.13826e+00 -2.08187e+00 -2.19466e+00 -2.69144e+00 -2.58776e+00 -2.79512e+00
8.89600e+04 4.44000e+02 -2.46426e+00 -2.24836e+00 -2.68016e+00 -2.67343e+00 -2.56741e+00 -2.77945e+00
8.96000e+04 4.48000e+02 -2.38809e+00 -2.17690e+00 -2.59928e+00 -2.65567e+00 -2.54667e+00 -2.76467e+00
9.02400e+04 4.51000e+02 -2.28137e+00 -2.22773e+00 -2.33501e+00 -2.63852e+00 -2.52610e+00 -2.75094e+00
9.08800e+04 4.54000e+02 -2.44670e+00 -2.26017e+00 -2.63324e+00 -2.62228e+00 -2.50625e+00 -2.73832e+00
9.15200e+04 4.57000e+02 -2.45187e+00 -2.08287e+00 -2.82088e+00 -2.60700e+00 -2.48741e+00 -2.72660e+00
9.21600e+04 4.60000e+02 -2.32404e+00 -2.04697e+00 -2.60111e+00 -2.59243e+00 -2.46945e+00 -2.71540e+00
9.28000e+04 4.64000e+02 -2.24602e+00 -2.15877e+00 -2.33327e+00 -2.57813e+00 -2.45202e+00 -2.70424e+00
9.34400e+04 4.67000e+02 -2.25407e+00 -2.10309e+00 -2.40505e+00 -2.56365e+00 -2.43461e+00 -2.69268e+00
9.40800e+04 4.70000e+02 -2.41625e+00 -2.07752e+00 -2.75497e+00 -2.54865e+00 -2.41683e+00 -2.68046e+00
9.47200e+04 4.73000e+02 -2.45504e+00 -2.12937e+00 -2.78070e+00 -2.53301e+00 -2.39847e+00 -2.66755e+00
9.53600e+04 4.76000e+02 -2.46248e+00 -2.36472e+00 -2.56024e+00 -2.51687e+00 -2.37956e+00 -2.65417e+00
9.60000e+04 4.80000e+02 -2.17922e+00 -2.11120e+00 -2.24723e+00 -2.50046e+00 -2.36029e+00 -2.64062e+00
9.66400e+04 4.83000e+02 -2.17528e+00 -2.08259e+00 -2.26796e+00 -2.48409e+00 -2.34099e+00 -2.62719e+00
9.72800e+04 4.86000e+02 -2.01081e+00 -1.89436e+00 -2.12727e+00 -2.46808e+00 -2.32206e+00 -2.61411e+00
9.79200e+04 4.89000e+02 -2.34426e+00 -2.11910e+00 -2.56942e+00 -2.45271e+00 -2.30384e+00 -2.60159e+00
9.85600e+04 4.92000e+02 -2.19080e+00 -2.15863e+00 -2.22298e+00 -2.43819e+00 -2.28658e+00 -2.58979e+00
9.92000e+04 4.96000e+02 -2.21971e+00 -2.14914e+00 -2.29029e+00 -2.42453e+00 -2.27041e+00 -2.57864e+00
9.98400e+04 4.99000e+02 -2.07326e+00 -1.96798e+00 -2.17855e+00 -2.41148e+00 -2.25532e+00 -2.56764e+00
1.00480e+05 5.02000e+02 -2.26158e+00 -2.06323e+00 -2.45993e+00 -2.39859e+00 -2.24120e+00 -2.55597e+00
1.01120e+05 5.05000e+02 -2.14555e+00 -2.03766e+00 -2.25344e+00 -2.38531e+00 -2.22789e+00 -2.54274e+00
1.01760e+05 5.08000e+02 -2.11559e+00 -1.95233e+00 -2.27885e+00 -2.37128e+00 -2.21525e+00 -2.52732e+00
1.02400e+05 5.12000e+02 -2.07564e+00 -2.01057e+00 -2.14072e+00 -2.35639e+00 -2.20319e+00 -2.50959e+00
1.03040e+05 5.15000e+02 -2.02711e+00 -1.92117e+00 -2.13305e+00 -2.34075e+00 -2.19164e+00 -2.48987e+00
1.03680e+05 5.18000e+02 -2.04908e+00 -1.86550e+00 -2.23265e+00 -2.32465e+00 -2.18047e+00 -2.46882e+00
1.04320e+05 5.21000e+02 -2.15529e+00 -1.86583e+00 -2.44474e+00 -2.30837e+00 -2.16946e+00 -2.44728e+00
1.04960e+05 5.24000e+02 -2.06899e+00 -1.91609e+00 -2.22189e+00 -2.29217e+00 -2.15834e+00 -2.42599e+00
1.05600e+05 5.28000e+02 -2.01937e+00 -1.81370e+00 -2.22504e+00 -2.27618e+00 -2.14690e+00 -2.40547e+00
1.06240e+05 5.31000e+02 -2.12067e+00 -1.92666e+00 -2.31468e+00 -2.26048e+00 -2.13494e+00 -2.38601e+00
1.06880e+05 5.34000e+02 -2.05505e+00 -1.84420e+00 -2.26591e+00 -2.24501e+00 -2.12232e+00 -2.36769e+00
1.07520e+05 5.37000e+02 -2.14240e+00 -2.06055e+00 -2.22424e+00 -2.22969e+00 -2.10895e+00 -2.35043e+00
1.08160e+05 5.40000e+02 -2.05228e+00 -1.91464e+00 -2.18992e+00 -2.21441e+00 -2.09476e+00 -2.33406e+00
1.08800e+05 5.44000e+02 -1.99650e+00 -1.88127e+00 -2.11173e+00 -2.19906e+00 -2.07974e+00 -2.31838e+00
1.09440e+05 5.47000e+02 -1.88793e+00 -1.71721e+00 -2.05865e+00 -2.18363e+00 -2.06403e+00 -2.30323e+00
1.10080e+05 5.50000e+02 -1.84144e+00 -1.65892e+00 -2.02396e+00 -2.16823e+00 -2.04791e+00 -2.28856e+00
1.10720e+05 5.53000e+02 -2.00541e+00 -1.85440e+00 -2.15643e+00 -2.15308e+00 -2.03175e+00 -2.27440e+00
1.11360e+05 5.56000e+02 -1.94689e+00 -1.67220e+00 -2.22159e+00 -2.13837e+00 -2.01592e+00 -2.26081e+00
1.12000e+05 5.60000e+02 -1.75937e+00 -1.64035e+00 -1.87839e+00 -2.12421e+00 -2.00068e+00 -2.24774e+00
1.12640e+05 5.63000e+02 -1.82229e+00 -1.66508e+00 -1.97949e+00 -2.11058e+00 -1.98617e+00 -2.23500e+00
1.13280e+05 5.66000e+02 -1.90117e+00 -1.69889e+00 -2.10345e+00 -2.09734e+00 -1.97238e+00 -2.22230e+00
1.13920e+05 5.69000e+02 -1.85269e+00 -1.80363e+00 -1.90175e+00 -2.08433e+00 -1.95929e+00 -2.20937e+00
1.14560e+05 5.72000e+02 -1.85900e+00 -1.82050e+00 -1.89749e+00 -2.07145e+00 -1.94681e+00 -2.19608e+00
1.15200e+05 5.76000e+02 -1.82592e+00 -1.75755e+00 -1.89430e+00 -2.05867e+00 -1.93483e+00 -2.18251e+00
1.15840e+05 5.79000e+02 -1.85802e+00 -1.72667e+00 -1.98937e+00 -2.04602e+00 -1.92318e+00 -2.16886e+00
1.16480e+05 5.82000e+02 -1.86515e+00 -1.75058e+00 -1.97972e+00 -2.03350e+00 -1.91163e+00 -2.15536e+00
1.17120e+05 5.85000e+02 -1.80293e+00 -1.70787e+00 -1.89800e+00 -2.02107e+00 -1.89992e+00 -2.14221e+00
1.17760e+05 5.88000e+02 -1.78239e+00 -1.64098e+00 -1.92380e+00 -2.00865e+00 -1.88786e+00 -2.12945e+00
1.18400e+05 5.92000e+02 -1.72352e+00 -1.68084e+00 -1.76620e+00 -1.99615e+00 -1.87530e+00 -2.11699e+00
1.19040e+05 5.95000e+02 -2.00655e+00 -1.82945e+00 -2.18364e+00 -1.98342e+00 -1.86224e+00 -2.10460e+00
1.19680e+05 5.98000e+02 -1.82634e+00 -1.54626e+00 -2.10642e+00 -1.97038e+00 -1.84879e+00 -2.09197e+00
1.20320e+05 6.01000e+02 -1.78530e+00 -1.67401e+00 -1.89659e+00 -1.95698e+00 -1.83519e+00 -2.07877e+00
1.20960e+05 6.04000e+02 -1.68104e+00 -1.63594e+00 -1.72614e+00 -1.94324e+00 -1.82174e+00 -2.06474e+00
1.21600e+05 6.08000e+02 -1.78171e+00 -1.56053e+00 -2.00288e+00 -1.92929e+00 -1.80880e+00 -2.04978e+00
1.22240e+05 6.11000e+02 -1.80214e+00 -1.67255e+00 -1.93173e+00 -1.91539e+00 -1.79669e+00 -2.03409e+00
1.22880e+05 6.14000e+02 -1.77348e+00 -1.62620e+00 -1.92075e+00 -1.90187e+00 -1.78566e+00 -2.01808e+00
1.23520e+05 6.17000e+02 -1.80540e+00 -1.53634e+00 -2.07447e+00 -1.88908e+00 -1.77580e+00 -2.00236e+00
1.24160e+05 6.20000e+02 -1.67090e+00 -1.64593e+00 -1.69587e+00 -1.87724e+00 -1.76693e+00 -1.98754e+00
1.24800e+05 6.24000e+02 -1.68476e+00 -1.55138e+00 -1.81814e+00 -1.86641e+00 -1.75866e+00 -1.97417e+00
1.25440e+05 6.27000e+02 -1.76778e+00 -1.59667e+00 -1.93889e+00 -1.85655e+00 -1.75050e+00 -1.96260e+00
1.26080e+05 6.30000e+02 -1.65407e+00 -1.52072e+00 -1.78743e+00 -1.84743e+00 -1.74193e+00 -1.95292e+00
1.26720e+05 6.33000e+02 -1.63806e+00 -1.50070e+00 -1.77541e+00 -1.83878e+00 -1.73261e+00 -1.94495e+00
1.27360e+05 6.36000e+02 -1.59302e+00 -1.54154e+00 -1.64450e+00 -1.83033e+00 -1.72236e+00 -1.93829e+00
1.28000e+05 6.40000e+02 -1.73343e+00 -1.60573e+00 -1.86114e+00 -1.82186e+00 -1.71128e+00 -1.93244e+00
1.28640e+05 6.43000e+02 -1.53946e+00 -1.46846e+00 -1.61045e+00 -1.81326e+00 -1.69963e+00 -1.92690e+00
1.29280e+05 6.46000e+02 -1.64771e+00 -1.53796e+00 -1.75746e+00 -1.80454e+00 -1.68780e+00 -1.92128e+00
1.29920e+05 6.49000e+02 -1.69381e+00 -1.53036e+00 -1.85725e+00 -1.79577e+00 -1.67624e+00 -1.91530e+00
1.30560e+05 6.52000e+02 -1.61449e+00 -1.42250e+00 -1.80649e+00 -1.78702e+00 -1.66530e+00 -1.90874e+00
1.31200e+05 6.56000e+02 -1.63486e+00 -1.53126e+00 -1.73847e+00 -1.77831e+00 -1.65518e+00 -1.90144e+00
1.31840e+05 6.59000e+02 -1.79743e+00 -1.69990e+00 -1.89497e+00 -1.76955e+00 -1.64583e+00 -1.89327e+00
1.32480e+05 6.62000e+02 -1.61867e+00 -1.44800e+00 -1.78935e+00 -1.76060e+00 -1.63702e+00 -1.88417e+00
1.33120e+05 6.65000e+02 -1.61847e+00 -1.51978e+00 -1.71716e+00 -1.75129e+00 -1.62841e+00 -1.87417e+00
1.33760e+05 6.68000e+02 -1.59753e+00 -1.50147e+00 -1.69360e+00 -1.74160e+00 -1.61972e+00 -1.86348e+00
1.34400e+05 6.72000e+02 -1.58619e+00 -1.45087e+00 -1.72150e+00 -1.73159e+00 -1.61083e+00 -1.85235e+00
1.35040e+05 6.75000e+02 -1.65301e+00 -1.50208e+00 -1.80393e+00 -1.72144e+00 -1.60173e+00 -1.84115e+00
1.35680e+05 6.78000e+02 -1.63452e+00 -1.41758e+00 -1.85146e+00 -1.71131e+00 -1.59251e+00 -1.83011e+00
1.36320e+05 6.81000e+02 -1.56815e+00 -1.41853e+00 -1.71777e+00 -1.70133e+00 -1.58329e+00 -1.81937e+00
1.36960e+05 6.84000e+02 -1.63074e+00 -1.54359e+00 -1.71790e+00 -1.69153e+00 -1.57417e+00 -1.80889e+00
1.37600e+05 6.88000e+02 -1.49470e+00 -1.41826e+00 -1.57114e+00 -1.68188e+00 -1.56517e+00 -1.79859e+00
1.38240e+05 6.91000e+02 -1.51307e+00 -1.39951e+00 -1.62663e+00 -1.67238e+00 -1.55631e+00 -1.78846e+00
1.38880e+05 6.94000e+02 -1.59164e+00 -1.57058e+00 -1.61270e+00 -1.66304e+00 -1.54749e+00 -1.77859e+00
1.39520e+05 6.97000e+02 -1.57959e+00 -1.52627e+00 -1.63292e+00 -1.65387e+00 -1.53861e+00 -1.76913e+00
1.40160e+05 7.00000e+02 -1.48510e+00 -1.35976e+00 -1.61045e+00 -1.64481e+00 -1.52947e+00 -1.76014e+00
1.40800e+05 7.04000e+02 -1.44811e+00 -1.34891e+00 -1.54730e+00 -1.63575e+00 -1.51995e+00 -1.75156e+00
1.41440e+05 7.07000e+02 -1.51751e+00 -1.44530e+00 -1.58972e+00 -1.62659e+00 -1.51001e+00 -1.74317e+00
1.42080e+05 7.10000e+02 -1.43807e+00 -1.36239e+00 -1.51376e+00 -1.61725e+00 -1.49980e+00 -1.73470e+00
1.42720e+05 7.13000e+02 -1.42755e+00 -1.38244e+00 -1.47266e+00 -1.60778e+00 -1.48962e+00 -1.72593e+00
1.43360e+05 7.16000e+02 -1.50017e+00 -1.46534e+00 -1.53499e+00 -1.59830e+00 -1.47978e+00 -1.71682e+00
1.44000e+05 7.20000e+02 -1.38126e+00 -1.26458e+00 -1.49795e+00 -1.58899e+00 -1.47055e+00 -1.70744e+00
1.44640e+05 7.23000e+02 -1.34440e+00 -1.29537e+00 -1.39344e+00 -1.57999e+00 -1.46200e+00 -1.69798e+00
1.45280e+05 7.26000e+02 -1.43207e+00 -1.23636e+00 -1.62778e+00 -1.57133e+00 -1.45403e+00 -1.68863e+00
1.45920e+05 7.29000e+02 -1.42598e+00 -1.28421e+00 -1.56774e+00 -1.56297e+00 -1.44646e+00 -1.67948e+00
1.46560e+05 7.32000e+02 -1.33071e+00 -1.20795e+00 -1.45347e+00 -1.55475e+00 -1.43900e+00 -1.67050e+00
1.47200e+05 7.36000e+02 -1.36191e+00 -1.29606e+00 -1.42776e+00 -1.54650e+00 -1.43144e+00 -1.66156e+00
1.47840e+05 7.39000e+02 -1.40944e+00 -1.25316e+00 -1.56571e+00 -1.53800e+00 -1.42358e+00 -1.65242e+00
1.48480e+05 7.42000e+02 -1.35187e+00 -1.21263e+00 -1.49110e+00 -1.52904e+00 -1.41533e+00 -1.64276e+00
1.49120e+05 7.45000e+02 -1.34018e+00 -1.13538e+00 -1.54498e+00 -1.51953e+00 -1.40667e+00 -1.63239e+00
1.49760e+05 7.48000e+02 -1.38197e+00 -1.33087e+00 -1.43306e+00 -1.50949e+00 -1.39775e+00 -1.62122e+00
1.50400e+05 7.52000e+02 -1.25582e+00 -1.22809e+00 -1.28355e+00 -1.49908e+00 -1.38876e+00 -1.60940e+00
1.51040e+05 7.55000e+02 -1.42937e+00 -1.36295e+00 -1.49578e+00 -1.48850e+00 -1.37983e+00 -1.59718e+00
1.51680e+05 7.58000e+02 -1.26927e+00 -1.18449e+00 -1.35404e+00 -1.47798e+00 -1.37101e+00 -1.58495e+00
1.52320e+05 7.61000e+02 -1.27604e+00 -1.20616e+00 -1.34592e+00 -1.46764e+00 -1.36223e+00 -1.57305e+00
1.52960e+05 7.64000e+02 -1.30858e+00 -1.19190e+00 -1.42525e+00 -1.45752e+00 -1.35338e+00 -1.56166e+00
1.53600e+05 7.68000e+02 -1.33341e+00 -1.25761e+00 -1.40921e+00 -1.44756e+00 -1.34437e+00 -1.55076e+00
1.54240e+05 7.71000e+02 -1.31113e+00 -1.15995e+00 -1.46231e+00 -1.43760e+00 -1.33515e+00 -1.54004e+00
1.54880e+05 7.74000e+02 -1.25673e+00 -1.16476e+00 -1.34870e+00 -1.42747e+00 -1.32577e+00 -1.52917e+00
1.55520e+05 7.77000e+02 -1.26786e+00 -1.09271e+00 -1.44301e+00 -1.41708e+00 -1.31630e+00 -1.51785e+00
1.56160e+05 7.80000e+02 -1.26587e+00 -1.15307e+00 -1.37868e+00 -1.40642e+00 -1.30686e+00 -1.50598e+00
1.56800e+05 7.84000e+02 -1.29171e+00 -1.17933e+00 -1.40408e+00 -1.39565e+00 -1.29762e+00 -1.49367e+00
1.57440e+05 7.87000e+02 -1.29770e+00 -1.20571e+00 -1.38969e+00 -1.38503e+00 -1.28880e+00 -1.48127e+00
1.58080e+05 7.90000e+02 -1.25793e+00 -1.21769e+00 -1.29817e+00 -1.37493e+00 -1.28061e+00 -1.46925e+00
1.58720e+05 7.93000e+02 -1.36658e+00 -1.32686e+00 -1.40630e+00 -1.36561e+00 -1.27317e+00 -1.45805e+00
1.59360e+05 7.96000e+02 -1.25260e+00 -1.12653e+00 -1.37867e+00 -1.35723e+00 -1.26648e+00 -1.44798e+00
1.60000e+05 8.00000e+02 -1.28169e+00 -1.12103e+00 -1.44234e+00 -1.34976e+00 -1.26037e+00 -1.43916e+00
1.60640e+05 8.03000e+02 -1.23142e+00 -1.11598e+00 -1.34685e+00 -1.34308e+00 -1.25460e+00 -1.43156e+00
1.61280e+05 8.06000e+02 -1.23704e+00 -1.16883e+00 -1.30525e+00 -1.33697e+00 -1.24897e+00 -1.42496e+00
1.61920e+05 8.09000e+02 -1.26335e+00 -1.20196e+00 -1.32474e+00 -1.33124e+00 -1.24339e+00 -1.41909e+00
1.62560e+05 8.12000e+02 -1.24359e+00 -1.11255e+00 -1.37463e+00 -1.32574e+00 -1.23783e+00 -1.41365e+00
1.63200e+05 8.16000e+02 -1.30431e+00 -1.20865e+00 -1.39997e+00 -1.32037e+00 -1.23233e+00 -1.40841e+00
1.63840e+05 8.19000e+02 -1.22633e+00 -1.12186e+00 -1.33079e+00 -1.31500e+00 -1.22682e+00 -1.40318e+00
1.64480e+05 8.22000e+02 -1.29260e+00 -1.23973e+00 -1.34547e+00 -1.30955e+00 -1.22122e+00 -1.39788e+00
1.65120e+05 8.25000e+02 -1.19345e+00 -1.14636e+00 -1.24055e+00 -1.30394e+00 -1.21543e+00 -1.39245e+00
1.65760e+05 8.28000e+02 -1.21314e+00 -1.09797e+00 -1.32831e+00 -1.29808e+00 -1.20934e+00 -1.38683e+00
1.66400e+05 8.32000e+02 -1.14062e+00 -1.11924e+00 -1.16200e+00 -1.29196e+00 -1.20290e+00 -1.38101e+00
1.67040e+05 8.35000e+02 -1.19502e+00 -1.13979e+00 -1.25026e+00 -1.28558e+00 -1.19620e+00 -1.37496e+00
1.67680e+05 8.38000e+02 -1.22396e+00 -1.11395e+00 -1.33397e+00 -1.27902e+00 -1.18936e+00 -1.36868e+00
1.68320e+05 8.41000e+02 -1.19512e+00 -1.06362e+00 -1.32662e+00 -1.27243e+00 -1.18263e+00 -1.36224e+00
1.68960e+05 8.44000e+02 -1.21880e+00 -1.08521e+00 -1.35239e+00 -1.26595e+00 -1.17622e+00 -1.35568e+00
1.69600e+05 8.48000e+02 -1.16866e+00 -1.12904e+00 -1.20829e+00 -1.25968e+00 -1.17031e+00 -1.34906e+00
1.70240e+05 8.51000e+02 -1.27143e+00 -1.22747e+00 -1.31540e+00 -1.25373e+00 -1.16506e+00 -1.34241e+00
1.70880e+05 8.54000e+02 -1.11663e+00 -1.04571e+00 -1.18755e+00 -1.24810e+00 -1.16050e+00 -1.33570e+00
1.71520e+05 8.57000e+02 -1.14769e+00 -1.00582e+00 -1.28956e+00 -1.24276e+00 -1.15657e+00 -1.32894e+00
1.72160e+05 8.60000e+02 -1.17277e+00 -1.04450e+00 -1.30105e+00 -1.23759e+00 -1.15308e+00 -1.32210e+00
1.72800e+05 8.64000e+02 -1.22660e+00 -1.10940e+00 -1.34381e+00 -1.23248e+00 -1.14980e+00 -1.31517e+00
1.73440e+05 8.67000e+02 -1.13271e+00 -1.05444e+00 -1.21098e+00 -1.22735e+00 -1.14652e+00 -1.30818e+00
1.74080e+05 8.70000e+02 -1.05716e+00 -1.01685e+00 -1.09748e+00 -1.22213e+00 -1.14312e+00 -1.30114e+00
1.74720e+05 8.73000e+02 -1.06741e+00 -9.87269e-01 -1.14755e+00 -1.21680e+00 -1.13953e+00 -1.29408e+00
1.75360e+05 8.76000e+02 -1.13616e+00 -1.05360e+00 -1.21871e+00 -1.21140e+00 -1.13575e+00 -1.28705e+00
1.76000e+05 8.80000e+02 -1.17966e+00 -1.13912e+00 -1.22020e+00 -1.20595e+00 -1.13181e+00 -1.28009e+00
1.76640e+05 8.83000e+02 -1.14533e+00 -1.10823e+00 -1.18244e+00 -1.20052e+00 -1.12775e+00 -1.27329e+00
1.77280e+05 8.86000e+02 -1.13765e+00 -1.06711e+00 -1.20819e+00 -1.19515e+00 -1.12360e+00 -1.26671e+00
1.77920e+05 8.89000e+02 -1.14553e+00 -1.08506e+00 -1.20600e+00 -1.18989e+00 -1.11938e+00 -1.26041e+00
1.78560e+05 8.92000e+02 -1.09821e+00 -9.94744e-01 -1.20167e+00 -1.18480e+00 -1.11514e+00 -1.25447e+00
1.79200e+05 8.96000e+02 -1.13131e+00 -1.04763e+00 -1.21499e+00 -1.17995e+00 -1.11101e+00 -1.24889e+00
1.79840e+05 8.99000e+02 -1.11420e+00 -1.06802e+00 -1.16039e+00 -1.17540e+00 -1.10713e+00 -1.24366e+00
1.80480e+05 9.02000e+02 -1.13985e+00 -1.07557e+00 -1.20413e+00 -1.17117e+00 -1.10367e+00 -1.23867e+00
1.81120e+05 9.05000e+02 -1.14006e+00 -1.05697e+00 -1.22314e+00 -1.16721e+00 -1.10062e+00 -1.23380e+00
1.81760e+05 9.08000e+02 -1.06703e+00 -9.89587e-01 -1.14448e+00 -1.16344e+00 -1.09788e+00 -1.22900e+00
1.82400e+05 9.12000e+02 -1.07457e+00 -9.77228e-01 -1.17190e+00 -1.15970e+00 -1.09517e+00 -1.22422e+00
1.83040e+05 9.15000e+02 -1.05834e+00 -9.73751e-01 -1.14292e+00 -1.15586e+00 -1.09224e+00 -1.21948e+00
1.83680e+05 9.18000e+02 -1.07903e+00 -9.82616e-01 -1.17544e+00 -1.15185e+00 -1.08889e+00 -1.21481e+00
1.84320e+05 9.21000e+02 -1.07846e+00 -1.02409e+00 -1.13282e+00 -1.14766e+00 -1.08503e+00 -1.21029e+00
1.84960e+05 9.24000e+02 -1.05690e+00 -9.90054e-01 -1.12375e+00 -1.14326e+00 -1.08062e+00 -1.20590e+00
1.85600e+05 9.28000e+02 -1.04950e+00 -9.41954e-01 -1.15705e+00 -1.13866e+00 -1.07570e+00 -1.20162e+00
1.86240e+05 9.31000e+02 -1.00504e+00 -9.47234e-01 -1.06285e+00 -1.13381e+00 -1.07028e+00 -1.19734e+00
1.86880e+05 9.34000e+02 -1.15939e+00 -1.01874e+00 -1.30003e+00 -1.12868e+00 -1.06441e+00 -1.19296e+00
1.87520e+05 9.37000e+02 -1.06958e+00 -1.03873e+00 -1.10042e+00 -1.12326e+00 -1.05818e+00 -1.18835e+00
1.88160e+05 9.40000e+02 -1.08878e+00 -9.76219e-01 -1.20133e+00 -1.11758e+00 -1.05180e+00 -1.18336e+00
1.88800e+05 9.44000e+02 -1.08489e+00 -1.01224e+00 -1.15754e+00 -1.11172e+00 -1.04552e+00 -1.17792e+00
1.89440e+05 9.47000e+02 -1.06535e+00 -1.00801e+00 -1.12270e+00 -1.10581e+00 -1.03963e+00 -1.17200e+00
1.90080e+05 9.50000e+02 -1.04880e+00 -9.96327e-01 -1.10128e+00 -1.10005e+00 -1.03440e+00 -1.16571e+00
1.90720e+05 9.53000e+02 -1.10765e+00 -1.00258e+00 -1.21272e+00 -1.09466e+00 -1.03003e+00 -1.15929e+00
1.91360e+05 9.56000e+02 -1.06082e+00 -1.03373e+00 -1.08792e+00 -1.08985e+00 -1.02664e+00 -1.15306e+00
1.92000e+05 9.60000e+02 -1.05881e+00 -1.00405e+00 -1.11357e+00 -1.08581e+00 -1.02423e+00 -1.14740e+00
1.92640e+05 9.63000e+02 -1.00709e+00 -9.92836e-01 -1.02134e+00 -1.08265e+00 -1.02271e+00 -1.14259e+00
1.93280e+05 9.66000e+02 -1.06562e+00 -1.00029e+00 -1.13095e+00 -1.08036e+00 -1.02197e+00 -1.13875e+00
1.93920e+05 9.69000e+02 -1.00833e+00 -9.38666e-01 -1.07799e+00 -1.07883e+00 -1.02182e+00 -1.13585e+00
1.94560e+05 9.72000e+02 -1.06349e+00 -9.89529e-01 -1.13745e+00 -1.07791e+00 -1.02215e+00 -1.13367e+00
1.95200e+05 9.76000e+02 -1.01676e+00 -9.63140e-01 -1.07039e+00 -1.07735e+00 -1.02282e+00 -1.13187e+00
1.95840e+05 9.79000e+02 -1.04801e+00 -1.01278e+00 -1.08323e+00 -1.07690e+00 -1.02373e+00 -1.13007e+00
1.96480e+05 9.82000e+02 -1.02505e+00 -9.65307e-01 -1.08479e+00 -1.07629e+00 -1.02466e+00 -1.12791e+00
1.97120e+05 9.85000e+02 -1.03500e+00 -9.27785e-01 -1.14221e+00 -1.07526e+00 -1.02540e+00 -1.12511e+00
1.97760e+05 9.88000e+02 -1.05507e+00 -9.75023e-01 -1.13511e+00 -1.07364e+00 -1.02575e+00 -1.12154e+00
1.98400e+05 9.92000e+02 -9.93701e-01 -9.38719e-01 -1.04868e+00 -1.07139e+00 -1.02560e+00 -1.11718e+00
1.99040e+05 9.95000e+02 -9.84166e-01 -8.82687e-01 -1.08564e+00 -1.06856e+00 -1.02496e+00 -1.11216e+00
1.99680e+05 9.98000e+02 -1.02973e+00 -9.61469e-01 -1.09799e+00 -1.06528e+00 -1.02390e+00 -1.10666e+00
2.00320e+05 1.00100e+03 -1.01237e+00 -8.99629e-01 -1.12512e+00 -1.06174e+00 -1.02251e+00 -1.10097e+00
2.00960e+05 1.00400e+03 -1.01443e+00 -9.49130e-01 -1.07973e+00 -1.05812e+00 -1.02084e+00 -1.09540e+00
2.01600e+05 1.00800e+03 -9.81555e-01 -9.05093e-01 -1.05802e+00 -1.05453e+00 -1.01884e+00 -1.09022e+00
2.02240e+05 1.01100e+03 -9.82002e-01 -9.31456e-01 -1.03255e+00 -1.05102e+00 -1.01643e+00 -1.08561e+00
2.02880e+05 1.01400e+03 -9.79235e-01 -9.37925e-01 -1.02055e+00 -1.04756e+00 -1.01352e+00 -1.08160e+00
2.03520e+05 1.01700e+03 -1.02835e+00 -9.57093e-01 -1.09961e+00 -1.04411e+00 -1.01011e+00 -1.07811e+00
2.04160e+05 1.02000e+03 -9.43881e-01 -8.99744e-01 -9.88018e-01 -1.04058e+00 -1.00621e+00 -1.07495e+00
2.04800e+05 1.02400e+03 -9.63194e-01 -9.17950e-01 -1.00844e+00 -1.03696e+00 -1.00195e+00 -1.07197e+00
2.05440e+05 1.02700e+03 -9.66290e-01 -9.00638e-01 -1.03194e+00 -1.03325e+00 -9.97479e-01 -1.06902e+00
2.06080e+05 1.03000e+03 -9.43454e-01 -8.54672e-01 -1.03224e+00 -1.02951e+00 -9.92996e-01 -1.06601e+00
2.06720e+05 1.03300e+03 -9.74280e-01 -9.12070e-01 -1.03649e+00 -1.02579e+00 -9.88674e-01 -1.06291e+00
2.07360e+05 1.03600e+03 -9.92410e-01 -9.27276e-01 -1.05754e+00 -1.02217e+00 -9.84611e-01 -1.05972e+00
2.08000e+05 1.04000e+03 -1.00948e+00 -9.57064e-01 -1.06190e+00 -1.01863e+00 -9.80787e-01 -1.05647e+00
2.08640e+05 1.04300e+03 -9.61318e-01 -9.33749e-01 -9.88886e-01 -1.01513e+00 -9.77101e-01 -1.05315e+00
2.09280e+05 1.04600e+03 -9.88428e-01 -9.73102e-01 -1.00375e+00 -1.01160e+00 -9.73418e-01 -1.04978e+00
2.09920e+05 1.04900e+03 -9.60480e-01 -9.21771e-01 -9.99188e-01 -1.00800e+00 -9.69665e-01 -1.04634e+00
2.10560e+05 1.05200e+03 -1.02506e+00 -9.64827e-01 -1.08529e+00 -1.00432e+00 -9.65878e-01 -1.04276e+00
2.11200e+05 1.05600e+03 -9.72867e-01 -9.34639e-01 -1.01110e+00 -1.00057e+00 -9.62188e-01 -1.03896e+00
2.11840e+05 1.05900e+03 -9.69131e-01 -9.24213e-01 -1.01405e+00 -9.96812e-01 -9.58750e-01 -1.03487e+00
2.12480e+05 1.06200e+03 -9.04756e-01 -8.25252e-01 -9.84260e-01 -9.93067e-01 -9.55673e-01 -1.03046e+00
2.13120e+05 1.06500e+03 -9.59035e-01 -9.27704e-01 -9.90367e-01 -9.89384e-01 -9.52978e-01 -1.02579e+00
2.13760e+05 1.06800e+03 -9.96415e-01 -9.86489e-01 -1.00634e+00 -9.85821e-01 -9.50626e-01 -1.02102e+00
2.14400e+05 1.07200e+03 -9.46246e-01 -8.95080e-01 -9.97412e-01 -9.82452e-01 -9.48544e-01 -1.01636e+00
2.15040e+05 1.07500e+03 -9.08205e-01 -8.43198e-01 -9.73212e-01 -9.79343e-01 -9.46655e-01 -1.01203e+00
2.15680e+05 1.07800e+03 -9.38171e-01 -9.20808e-01 -9.55533e-01 -9.76549e-01 -9.44890e-01 -1.00821e+00
2.16320e+05 1.08100e+03 -8.67879e-01 -8.30741e-01 -9.05016e-01 -9.74104e-01 -9.43201e-01 -1.00501e+00
2.16960e+05 1.08400e+03 -9.08832e-01 -8.12570e-01 -1.00510e+00 -9.72008e-01 -9.41578e-01 -1.00244e+00
2.17600e+05 1.08800e+03 -9.52370e-01 -8.91126e-01 -1.01361e+00 -9.70225e-01 -9.40035e-01 -1.00041e+00
2.18240e+05 1.09100e+03 -9.47844e-01 -8.93198e-01 -1.00249e+00 -9.68667e-01 -9.38582e-01 -9.98752e-01
2.18880e+05 1.09400e+03 -9.56262e-01 -8.97341e-01 -1.01518e+00 -9.67200e-01 -9.37187e-01 -9.97212e-01
2.19520e+05 1.09700e+03 -9.21718e-01 -8.63210e-01 -9.80226e-01 -9.65649e-01 -9.35741e-01 -9.95556e-01
2.20160e+05 1.10000e+03 -9.79713e-01 -9.66653e-01 -9.92773e-01 -9.63820e-01 -9.34050e-01 -9.93590e-01
2.20800e+05 1.10400e+03 -9.18481e-01 -8.80059e-01 -9.56904e-01 -9.61571e-01 -9.31871e-01 -9.91272e-01
2.21440e+05 1.10700e+03 -9.11903e-01 -8.50734e-01 -9.73072e-01 -9.58851e-01 -9.29012e-01 -9.88691e-01
2.22080e+05 1.11000e+03 -9.47903e-01 -8.76082e-01 -1.01972e+00 -9.55732e-01 -9.25414e-01 -9.86050e-01
2.22720e+05 1.11300e+03 -9.22868e-01 -8.48496e-01 -9.97240e-01 -9.52383e-01 -9.21185e-01 -9.83581e-01
2.23360e+05 1.11600e+03 -9.49682e-01 -8.66875e-01 -1.03249e+00 -9.49015e-01 -9.16571e-01 -9.81459e-01
2.24000e+05 1.12000e+03 -8.93001e-01 -8.08297e-01 -9.77704e-01 -9.45818e-01 -9.11873e-01 -9.79763e-01
2.24640e+05 1.12300e+03 -9.03391e-01 -8.69839e-01 -9.36943e-01 -9.42917e-01 -9.07361e-01 -9.78473e-01
2.25280e+05 1.12600e+03 -9.25703e-01 -8.82930e-01 -9.68477e-01 -9.40357e-01 -9.03202e-01 -9.77512e-01
2.25920e+05 1.12900e+03 -8.31312e-01 -7.88053e-01 -8.74571e-01 -9.38117e-01 -8.99447e-01 -9.76786e-01
2.26560e+05 1.13200e+03 -9.20492e-01 -8.54479e-01 -9.86504e-01 -9.36135e-01 -8.96051e-01 -9.76220e-01
2.27200e+05 1.13600e+03 -8.66604e-01 -8.10111e-01 -9.23096e-01 -9.34324e-01 -8.92898e-01 -9.75750e-01
2.27840e+05 1.13900e+03 -8.74598e-01 -8.40272e-01 -9.08924e-01 -9.32571e-01 -8.89842e-01 -9.75299e-01
2.28480e+05 1.14200e+03 -8.88094e-01 -8.18386e-01 -9.57802e-01 -9.30767e-01 -8.86770e-01 -9.74763e-01
2.29120e+05 1.14500e+03 -8.39530e-01 -8.14341e-01 -8.64720e-01 -9.28836e-01 -8.83640e-01 -9.74032e-01
2.29760e+05 1.14800e+03 -8.25049e-01 -7.68674e-01 -8.81424e-01 -9.26762e-01 -8.80509e-01 -9.73015e-01
2.30400e+05 1.15200e+03 -9.44753e-01 -9.30307e-01 -9.59198e-01 -9.24598e-01 -8.77520e-01 -9.71676e-01
2.31040e+05 1.15500e+03 -8.99920e-01 -8.30544e-01 -9.69295e-01 -9.22430e-01 -8.74834e-01 -9.70025e-01
2.31680e+05 1.15800e+03 -9.41034e-01 -8.69789e-01 -1.01228e+00 -9.20333e-01 -8.72569e-01 -9.68096e-01
2.32320e+05 1.16100e+03 -8.81777e-01 -8.19062e-01 -9.44492e-01 -9.18329e-01 -8.70746e-01 -9.65912e-01
2.32960e+05 1.16400e+03 -8.62018e-01 -8.04563e-01 -9.19474e-01 -9.16385e-01 -8.69295e-01 -9.63475e-01
2.33600e+05 1.16800e+03 -8.87969e-01 -8.12445e-01 -9.63493e-01 -9.14446e-01 -8.68108e-01 -9.60784e-01
2.34240e+05 1.17100e+03 -8.52233e-01 -8.00880e-01 -9.03586e-01 -9.12472e-01 -8.67089e-01 -9.57855e-01
2.34880e+05 1.17400e+03 -8.62819e-01 -8.35135e-01 -8.90503e-01 -9.10458e-01 -8.66191e-01 -9.54724e-01
2.35520e+05 1.17700e+03 -8.93197e-01 -8.19312e-01 -9.67083e-01 -9.08424e-01 -8.65403e-01 -9.51445e-01
2.36160e+05 1.18000e+03 -8.68835e-01 -7.90660e-01 -9.47010e-01 -9.06396e-01 -8.64711e-01 -9.48081e-01
2.36800e+05 1.18400e+03 -9.11811e-01 -7.94374e-01 -1.02925e+00 -9.04381e-01 -8.64079e-01 -9.44684e-01
2.37440e+05 1.18700e+03 -8.50134e-01 -8.16657e-01 -8.83611e-01 -9.02361e-01 -8.63420e-01 -9.41302e-01
2.38080e+05 1.19000e+03 -9.55673e-01 -8.95725e-01 -1.01562e+00 -9.00286e-01 -8.62603e-01 -9.37970e-01
2.38720e+05 1.19300e+03 -8.46733e-01 -7.99089e-01 -8.94376e-01 -8.98094e-01 -8.61457e-01 -9.34731e-01
2.39360e+05 1.19600e+03 -8.24521e-01 -7.91855e-01 -8.57187e-01 -8.95729e-01 -8.59805e-01 -9.31653e-01
2.40000e+05 1.20000e+03 -8.02805e-01 -7.57271e-01 -8.48339e-01 -8.93173e-01 -8.57517e-01 -9.28828e-01
2.40640e+05 1.20300e+03 -8.35101e-01 -7.96375e-01 -8.73827e-01 -8.90464e-01 -8.54569e-01 -9.26358e-01
2.41280e+05 1.20600e+03 -8.72862e-01 -8.69295e-01 -8.76429e-01 -8.87689e-01 -8.51068e-01 -9.24310e-01
2.41920e+05 1.20900e+03 -9.53076e-01 -9.16324e-01 -9.89828e-01 -8.84951e-01 -8.47224e-01 -9.22679e-01
2.42560e+05 1.21200e+03 -7.89590e-01 -7.62653e-01 -8.16528e-01 -8.82332e-01 -8.43275e-01 -9.21389e-01
2.43200e+05 1.21600e+03 -8.14058e-01 -8.09677e-01 -8.18438e-01 -8.79872e-01 -8.39441e-01 -9.20303e-01
2.43840e+05 1.21900e+03 -8.35579e-01 -7.51504e-01 -9.19653e-01 -8.77593e-01 -8.35908e-01 -9.19277e-01
2.44480e+05 1.22200e+03 -8.81150e-01 -8.36333e-01 -9.25966e-01 -8.75524e-01 -8.32840e-01 -9.18208e-01
2.45120e+05 1.22500e+03 -8.54883e-01 -7.35110e-01 -9.74657e-01 -8.73708e-01 -8.30368e-01 -9.17047e-01
2.45760e+05 1.22800e+03 -8.93377e-01 -8.09410e-01 -9.77344e-01 -8.72177e-01 -8.28560e-01 -9.15795e-01
2.46400e+05 1.23200e+03 -8.91056e-01 -8.14311e-01 -9.67800e-01 -8.70930e-01 -8.27385e-01 -9.14476e-01
2.47040e+05 1.23500e+03 -8.83059e-01 -8.31553e-01 -9.34565e-01 -8.69920e-01 -8.26725e-01 -9.13116e-01
2.47680e+05 1.23800e+03 -8.38974e-01 -8.31357e-01 -8.46591e-01 -8.69073e-01 -8.26403e-01 -9.11743e-01
2.48320e+05 1.24100e+03 -8.80543e-01 -8.30980e-01 -9.30107e-01 -8.68311e-01 -8.26215e-01 -9.10407e-01
2.48960e+05 1.24400e+03 -8.25881e-01 -7.59698e-01 -8.92063e-01 -8.67569e-01 -8.25961e-01 -9.09177e-01
2.49600e+05 1.24800e+03 -8.53820e-01 -7.53711e-01 -9.53929e-01 -8.66792e-01 -8.25471e-01 -9.08113e-01
2.50240e+05 1.25100e+03 -8.39515e-01 -7.69637e-01 -9.09393e-01 -8.65931e-01 -8.24621e-01 -9.07241e-01
2.50880e+05 1.25400e+03 -8.44325e-01 -7.32637e-01 -9.56014e-01 -8.64937e-01 -8.23340e-01 -9.06535e-01
2.51520e+05 1.25700e+03 -7.88083e-01 -7.59097e-01 -8.17069e-01 -8.63762e-01 -8.21601e-01 -9.05923e-01
2.52160e+05 1.26000e+03 -8.04745e-01 -7.80135e-01 -8.29355e-01 -8.62366e-01 -8.19416e-01 -9.05316e-01
2.52800e+05 1.26400e+03 -8.11273e-01 -7.75458e-01 -8.47088e-01 -8.60724e-01 -8.16818e-01 -9.04631e-01
2.53440e+05 1.26700e+03 -8.13423e-01 -7.16422e-01 -9.10423e-01 -8.58828e-01 -8.13863e-01 -9.03793e-01
2.54080e+05 1.27000e+03 -8.29359e-01 -7.67893e-01 -8.90825e-01 -8.56676e-01 -8.10626e-01 -9.02726e-01
2.54720e+05 1.27300e+03 -8.66989e-01 -7.93188e-01 -9.40790e-01 -8.54270e-01 -8.07200e-01 -9.01340e-01
2.55360e+05 1.27600e+03 -8.18115e-01 -6.79826e-01 -9.56403e-01 -8.51625e-01 -8.03691e-01 -8.99560e-01
2.56000e+05 1.28000e+03 -8.01378e-01 -7.58654e-01 -8.44102e-01 -8.48782e-01 -8.00207e-01 -8.97357e-01
2.56640e+05 1.28300e+03 -8.29236e-01 -7.88266e-01 -8.70207e-01 -8.45814e-01 -7.96859e-01 -8.94769e-01
2.57280e+05 1.28600e+03 -8.84570e-01 -8.20933e-01 -9.48208e-01 -8.42823e-01 -7.93742e-01 -8.91903e-01
2.57920e+05 1.28900e+03 -8.21959e-01 -7.58570e-01 -8.85349e-01 -8.39929e-01 -7.90933e-01 -8.88925e-01
2.58560e+05 1.29200e+03 -8.02235e-01 -7.54210e-01 -8.50260e-01 -8.37250e-01 -7.88468e-01 -8.86032e-01
2.59200e+05 1.29600e+03 -7.46757e-01 -6.72370e-01 -8.21144e-01 -8.34876e-01 -7.86345e-01 -8.83407e-01
2.59840e+05 1.29900e+03 -8.26752e-01 -7.11748e-01 -9.41755e-01 -8.32863e-01 -7.84542e-01 -8.81184e-01
2.60480e+05 1.30200e+03 -7.87282e-01 -7.22111e-01 -8.52454e-01 -8.31234e-01 -7.83035e-01 -8.79433e-01
2.61120e+05 1.30500e+03 -8.02211e-01 -7.29591e-01 -8.74832e-01 -8.29986e-01 -7.81820e-01 -8.78152e-01
2.61760e+05 1.30800e+03 -7.97215e-01 -7.78486e-01 -8.15943e-01 -8.29083e-01 -7.80903e-01 -8.77263e-01
2.62400e+05 1.31200e+03 -7.66647e-01 -6.94457e-01 -8.38836e-01 -8.28447e-01 -7.80268e-01 -8.76625e-01
2.63040e+05 1.31500e+03 -8.04746e-01 -7.82190e-01 -8.27302e-01 -8.27953e-01 -7.79844e-01 -8.76062e-01
2.63680e+05 1.31800e+03 -7.54660e-01 -7.08706e-01 -8.00614e-01 -8.27445e-01 -7.79498e-01 -8.75392e-01
2.64320e+05 1.32100e+03 -8.06316e-01 -7.45787e-01 -8.66846e-01 -8.26765e-01 -7.79089e-01 -8.74442e-01
2.64960e+05 1.32400e+03 -8.52172e-01 -7.58747e-01 -9.45597e-01 -8.25772e-01 -7.78508e-01 -8.73037e-01
2.65600e+05 1.32800e+03 -8.40778e-01 -7.72221e-01 -9.09335e-01 -8.24367e-01 -7.77698e-01 -8.71035e-01
2.66240e+05 1.33100e+03 -7.94599e-01 -7.31486e-01 -8.57713e-01 -8.22507e-01 -7.76650e-01 -8.68364e-01
2.66880e+05 1.33400e+03 -7.58353e-01 -7.22352e-01 -7.94354e-01 -8.20218e-01 -7.75390e-01 -8.65046e-01
2.67520e+05 1.33700e+03 -7.73800e-01 -7.42522e-01 -8.05078e-01 -8.17593e-01 -7.73979e-01 -8.61207e-01
2.68160e+05 1.34000e+03 -7.90077e-01 -7.54181e-01 -8.25973e-01 -8.14779e-01 -7.72511e-01 -8.57047e-01
2.68800e+05 1.34400e+03 -7.55287e-01 -7.32899e-01 -7.77676e-01 -8.11953e-01 -7.71099e-01 -8.52807e-01
2.69440e+05 1.34700e+03 -7.92423e-01 -7.80757e-01 -8.04090e-01 -8.09289e-01 -7.69850e-01 -8.48729e-01
2.70080e+05 1.35000e+03 -7.66290e-01 -7.44020e-01 -7.88560e-01 -8.06924e-01 -7.68844e-01 -8.45003e-01
2.70720e+05 1.35300e+03 -7.99681e-01 -7.31932e-01 -8.67430e-01 -8.04944e-01 -7.68132e-01 -8.41755e-01
2.71360e+05 1.35600e+03 -8.40867e-01 -7.58301e-01 -9.23433e-01 -8.03388e-01 -7.67748e-01 -8.39028e-01
2.72000e+05 1.36000e+03 -7.71705e-01 -7.11671e-01 -8.31739e-01 -8.02245e-01 -7.67695e-01 -8.36795e-01
2.72640e+05 1.36300e+03 -8.64432e-01 -8.34925e-01 -8.93939e-01 -8.01463e-01 -7.67941e-01 -8.34985e-01
2.73280e+05 1.36600e+03 -8.09002e-01 -7.32181e-01 -8.85823e-01 -8.00963e-01 -7.68412e-01 -8.33513e-01
2.73920e+05 1.36900e+03 -7.85922e-01 -7.37408e-01 -8.34437e-01 -8.00673e-01 -7.69020e-01 -8.32326e-01
2.74560e+05 1.37200e+03 -8.15975e-01 -7.62845e-01 -8.69104e-01 -8.00553e-01 -7.69694e-01 -8.31412e-01
2.75200e+05 1.37600e+03 -7.58790e-01 -7.26409e-01 -7.91171e-01 -8.00593e-01 -7.70398e-01 -8.30788e-01
2.75840e+05 1.37900e+03 -8.14338e-01 -7.72463e-01 -8.56214e-01 -8.00791e-01 -7.71126e-01 -8.30456e-01
2.76480e+05 1.38200e+03 -7.80411e-01 -6.94920e-01 -8.65903e-01 -8.01121e-01 -7.71876e-01 -8.30366e-01
2.77120e+05 1.38500e+03 -7.73032e-01 -7.56376e-01 -7.89688e-01 -8.01532e-01 -7.72637e-01 -8.30427e-01
2.77760e+05 1.38800e+03 -7.54984e-01 -6.99325e-01 -8.10643e-01 -8.01944e-01 -7.73364e-01 -8.30524e-01
2.78400e+05 1.39200e+03 -8.23182e-01 -7.61142e-01 -8.85223e-01 -8.02270e-01 -7.73986e-01 -8.30554e-01
2.79040e+05 1.39500e+03 -7.69921e-01 -7.05721e-01 -8.34121e-01 -8.02431e-01 -7.74424e-01 -8.30438e-01
2.79680e+05 1.39800e+03 -8.36029e-01 -7.88978e-01 -8.83081e-01 -8.02371e-01 -7.74610e-01 -8.30132e-01
2.80320e+05 1.40100e+03 -7.64688e-01 -7.25698e-01 -8.03678e-01 -8.02050e-01 -7.74502e-01 -8.29598e-01
2.80960e+05 1.40400e+03 -7.71158e-01 -7.25021e-01 -8.17296e-01 -8.01438e-01 -7.74094e-01 -8.28781e-01
2.81600e+05 1.40800e+03 -7.19092e-01 -6.84080e-01 -7.54103e-01 -8.00515e-01 -7.73419e-01 -8.27611e-01
2.82240e+05 1.41100e+03 -7.98362e-01 -7.38539e-01 -8.58185e-01 -7.99291e-01 -7.72552e-01 -8.26030e-01
2.82880e+05 1.41400e+03 -8.27506e-01 -8.13106e-01 -8.41906e-01 -7.97814e-01 -7.71610e-01 -8.24017e-01
2.83520e+05 1.41700e+03 -7.69030e-01 -7.41567e-01 -7.96492e-01 -7.96165e-01 -7.70716e-01 -8.21613e-01
2.84160e+05 1.42000e+03 -8.25633e-01 -7.71083e-01 -8.80183e-01 -7.94435e-01 -7.69953e-01 -8.18917e-01
2.84800e+05 1.42400e+03 -7.50787e-01 -6.96181e-01 -8.05394e-01 -7.92700e-01 -7.69326e-01 -8.16074e-01
2.85440e+05 1.42700e+03 -8.44267e-01 -7.54642e-01 -9.33892e-01 -7.91019e-01 -7.68773e-01 -8.13266e-01
2.86080e+05 1.43000e+03 -7.16357e-01 -6.60655e-01 -7.72060e-01 -7.89436e-01 -7.68190e-01 -8.10682e-01
2.86720e+05 1.43300e+03 -8.29543e-01 -7.98415e-01 -8.60670e-01 -7.87984e-01 -7.67477e-01 -8.08490e-01
2.87360e+05 1.43600e+03 -8.01739e-01 -7.86806e-01 -8.16672e-01 -7.86672e-01 -7.66559e-01 -8.06786e-01
2.88000e+05 1.44000e+03 -7.97760e-01 -7.29260e-01 -8.66259e-01 -7.85487e-01 -7.65406e-01 -8.05567e-01
2.88640e+05 1.44300e+03 -7.84554e-01 -7.25543e-01 -8.43566e-01 -7.84388e-01 -7.64045e-01 -8.04731e-01
2.89280e+05 1.44600e+03 -8.35668e-01 -7.83293e-01 -8.88043e-01 -7.83340e-01 -7.62557e-01 -8.04123e-01
2.89920e+05 1.44900e+03 -8.02591e-01 -7.54878e-01 -8.50304e-01 -7.82335e-01 -7.61057e-01 -8.03613e-01
2.90560e+05 1.45200e+03 -7.22881e-01 -6.75806e-01 -7.69957e-01 -7.81413e-01 -7.59663e-01 -8.03163e-01
2.91200e+05 1.45600e+03 -7.89374e-01 -6.88241e-01 -8.90507e-01 -7.80637e-01 -7.58447e-01 -8.02827e-01
2.91840e+05 1.45900e+03 -7.80440e-01 -6.92792e-01 -8.68089e-01 -7.80072e-01 -7.57421e-01 -8.02723e-01
2.92480e+05 1.46200e+03 -7.54038e-01 -7.49495e-01 -7.58581e-01 -7.79751e-01 -7.56554e-01 -8.02947e-01
2.93120e+05 1.46500e+03 -7.37434e-01 -7.24303e-01 -7.50565e-01 -7.79651e-01 -7.55792e-01 -8.03510e-01
2.93760e+05 1.46800e+03 -7.64591e-01 -7.03268e-01 -8.25914e-01 -7.79686e-01 -7.55064e-01 -8.04307e-01
2.94400e+05 1.47200e+03 -7.76370e-01 -7.44072e-01 -8.08669e-01 -7.79725e-01 -7.54290e-01 -8.05160e-01
2.95040e+05 1.47500e+03 -8.39276e-01 -7.10553e-01 -9.67999e-01 -7.79634e-01 -7.53386e-01 -8.05881e-01
2.95680e+05 1.47800e+03 -7.23435e-01 -6.68863e-01 -7.78007e-01 -7.79301e-01 -7.52291e-01 -8.06310e-01
2.96320e+05 1.48100e+03 -7.21709e-01 -6.86879e-01 -7.56538e-01 -7.78666e-01 -7.50977e-01 -8.06356e-01
2.96960e+05 1.48400e+03 -7.52956e-01 -7.32310e-01 -7.73601e-01 -7.77742e-01 -7.49469e-01 -8.06016e-01
2.97600e+05 1.48800e+03 -8.07761e-01 -7.84863e-01 -8.30658e-01 -7.76610e-01 -7.47841e-01 -8.05379e-01
2.98240e+05 1.49100e+03 -7.70064e-01 -7.32242e-01 -8.07886e-01 -7.75383e-01 -7.46186e-01 -8.04581e-01
2.98880e+05 1.49400e+03 -7.54956e-01 -7.24263e-01 -7.85650e-01 -7.74160e-01 -7.44571e-01 -8.03748e-01
2.99520e+05 1.49700e+03 -7.46249e-01 -6.65221e-01 -8.27278e-01 -7.72976e-01 -7.43013e-01 -8.02939e-01
3.00160e+05 1.50000e+03 -7.87306e-01 -7.37034e-01 -8.37578e-01 -7.71805e-01 -7.41494e-01 -8.02117e-01
3.00800e+05 1.50400e+03 -7.63213e-01 -7.31500e-01 -7.94925e-01 -7.70587e-01 -7.40000e-01 -8.01173e-01
3.01440e+05 1.50700e+03 -7.62224e-01 -7.11431e-01 -8.13017e-01 -7.69263e-01 -7.38551e-01 -7.99975e-01
3.02080e+05 1.51000e+03 -7.59066e-01 -7.31725e-01 -7.86407e-01 -7.67809e-01 -7.37192e-01 -7.98427e-01
3.02720e+05 1.51300e+03 -7.74195e-01 -7.26571e-01 -8.21819e-01 -7.66238e-01 -7.35964e-01 -7.96512e-01
3.03360e+05 1.51600e+03 -8.32920e-01 -7.81800e-01 -8.84040e-01 -7.64594e-01 -7.34887e-01 -7.94301e-01
3.04000e+05 1.52000e+03 -7.60013e-01 -7.12198e-01 -8.07828e-01 -7.62942e-01 -7.33950e-01 -7.91934e-01
3.04640e+05 1.52300e+03 -7.86709e-01 -7.19112e-01 -8.54306e-01 -7.61361e-01 -7.33126e-01 -7.89596e-01
3.05280e+05 1.52600e+03 -7.44889e-01 -6.69322e-01 -8.20456e-01 -7.59946e-01 -7.32409e-01 -7.87484e-01
3.05920e+05 1.52900e+03 -6.99817e-01 -6.71002e-01 -7.28632e-01 -7.58806e-01 -7.31837e-01 -7.85774e-01
3.06560e+05 1.53200e+03 -7.16166e-01 -6.45892e-01 -7.86440e-01 -7.58048e-01 -7.31494e-01 -7.84602e-01
3.07200e+05 1.53600e+03 -7.84032e-01 -7.64112e-01 -8.03953e-01 -7.57752e-01 -7.31485e-01 -7.84019e-01
3.07840e+05 1.53900e+03 -7.69913e-01 -7.17496e-01 -8.22330e-01 -7.57930e-01 -7.31889e-01 -7.83971e-01
3.08480e+05 1.54200e+03 -7.26124e-01 -6.76585e-01 -7.75663e-01 -7.58504e-01 -7.32710e-01 -7.84299e-01
3.09120e+05 1.54500e+03 -7.61096e-01 -6.82926e-01 -8.39266e-01 -7.59315e-01 -7.33848e-01 -7.84782e-01
3.09760e+05 1.54800e+03 -7.35607e-01 -6.85406e-01 -7.85808e-01 -7.60152e-01 -7.35110e-01 -7.85194e-01
3.10400e+05 1.55200e+03 -8.06469e-01 -7.23790e-01 -8.89149e-01 -7.60811e-01 -7.36262e-01 -7.85360e-01
3.11040e+05 1.55500e+03 -8.09003e-01 -7.00006e-01 -9.18000e-01 -7.61130e-01 -7.37065e-01 -7.85196e-01
3.11680e+05 1.55800e+03 -7.96217e-01 -7.20467e-01 -8.71967e-01 -7.61020e-01 -7.37320e-01 -7.84719e-01
3.12320e+05 1.56100e+03 -7.58672e-01 -6.82560e-01 -8.34784e-01 -7.60467e-01 -7.36894e-01 -7.84040e-01
3.12960e+05 1.56400e+03 -6.96403e-01 -6.61985e-01 -7.30821e-01 -7.59546e-01 -7.35764e-01 -7.83329e-01
3.13600e+05 1.56800e+03 -7.19547e-01 -6.63856e-01 -7.75238e-01 -7.58402e-01 -7.34047e-01 -7.82757e-01
3.14240e+05 1.57100e+03 -7.55223e-01 -7.19855e-01 -7.90590e-01 -7.57215e-01 -7.31984e-01 -7.82445e-01
3.14880e+05 1.57400e+03 -7.12864e-01 -6.97777e-01 -7.27951e-01 -7.56142e-01 -7.29852e-01 -7.82432e-01
3.15520e+05 1.57700e+03 -7.34668e-01 -6.73767e-01 -7.95570e-01 -7.55267e-01 -7.27881e-01 -7.82654e-01
3.16160e+05 1.58000e+03 -7.22068e-01 -6.47738e-01 -7.96398e-01 -7.54589e-01 -7.26209e-01 -7.82970e-01
3.16800e+05 1.58400e+03 -7.82184e-01 -7.33800e-01 -8.30567e-01 -7.54045e-01 -7.24880e-01 -7.83211e-01
3.17440e+05 1.58700e+03 -7.20635e-01 -6.92527e-01 -7.48743e-01 -7.53559e-01 -7.23880e-01 -7.83238e-01
3.18080e+05 1.59000e+03 -7.40057e-01 -7.05478e-01 -7.74636e-01 -7.53073e-01 -7.23163e-01 -7.82982e-01
3.18720e+05 1.59300e+03 -7.96905e-01 -7.66325e-01 -8.27486e-01 -7.52566e-01 -7.22674e-01 -7.82457e-01
3.19360e+05 1.59600e+03 -7.57223e-01 -7.17459e-01 -7.96987e-01 -7.52042e-01 -7.22348e-01 -7.81736e-01
3.20000e+05 1.60000e+03 -7.70124e-01 -7.34369e-01 -8.05879e-01 -7.51518e-01 -7.22122e-01 -7.80915e-01
3.20640e+05 1.60300e+03 -7.29483e-01 -7.00195e-01 -7.58771e-01 -7.51009e-01 -7.21937e-01 -7.80081e-01
3.21280e+05 1.60600e+03 -7.58456e-01 -7.10980e-01 -8.05933e-01 -7.50513e-01 -7.21732e-01 -7.79294e-01
3.21920e+05 1.60900e+03 -7.68806e-01 -7.12535e-01 -8.25076e-01 -7.50021e-01 -7.21448e-01 -7.78595e-01
3.22560e+05 1.61200e+03 -7.76742e-01 -7.42085e-01 -8.11399e-01 -7.49529e-01 -7.21028e-01 -7.78029e-01
3.23200e+05 1.61600e+03 -7.52887e-01 -7.13992e-01 -7.91783e-01 -7.49038e-01 -7.20431e-01 -7.77645e-01
3.23840e+05 1.61900e+03 -7.18132e-01 -6.62975e-01 -7.73290e-01 -7.48560e-01 -7.19638e-01 -7.77482e-01
3.24480e+05 1.62200e+03 -8.06083e-01 -7.45358e-01 -8.66807e-01 -7.48108e-01 -7.18661e-01 -7.77555e-01
3.25120e+05 1.62500e+03 -8.00590e-01 -7.08793e-01 -8.92387e-01 -7.47691e-01 -7.17548e-01 -7.77834e-01
3.25760e+05 1.62800e+03 -7.46308e-01 -7.03948e-01 -7.88668e-01 -7.47311e-01 -7.16389e-01 -7.78232e-01
3.26400e+05 1.63200e+03 -7.97003e-01 -6.93277e-01 -9.00729e-01 -7.46960e-01 -7.15313e-01 -7.78607e-01
3.27040e+05 1.63500e+03 -7.15582e-01 -6.77907e-01 -7.53257e-01 -7.46612e-01 -7.14447e-01 -7.78778e-01
3.27680e+05 1.63800e+03 -6.48637e-01 -5.98575e-01 -6.98698e-01 -7.46225e-01 -7.13882e-01 -7.78568e-01
3.28320e+05 1.64100e+03 -7.36503e-01 -7.13954e-01 -7.59053e-01 -7.45759e-01 -7.13652e-01 -7.77866e-01
3.28960e+05 1.64400e+03 -7.64796e-01 -6.98810e-01 -8.30783e-01 -7.45199e-01 -7.13734e-01 -7.76663e-01
3.29600e+05 1.64800e+03 -7.04660e-01 -6.93416e-01 -7.15905e-01 -7.44557e-01 -7.14060e-01 -7.75055e-01
3.30240e+05 1.65100e+03 -7.32342e-01 -6.93944e-01 -7.70741e-01 -7.43862e-01 -7.14530e-01 -7.73195e-01
3.30880e+05 1.65400e+03 -7.80851e-01 -7.08810e-01 -8.52892e-01 -7.43136e-01 -7.15035e-01 -7.71236e-01
3.31520e+05 1.65700e+03 -6.92492e-01 -6.04719e-01 -7.80266e-01 -7.42384e-01 -7.15474e-01 -7.69294e-01
3.32160e+05 1.66000e+03 -7.59396e-01 -6.74722e-01 -8.44070e-01 -7.41604e-01 -7.15771e-01 -7.67438e-01
3.32800e+05 1.66400e+03 -7.63310e-01 -7.13294e-01 -8.13327e-01 -7.40794e-01 -7.15876e-01 -7.65712e-01
3.33440e+05 1.66700e+03 -7.67486e-01 -7.09347e-01 -8.25624e-01 -7.39970e-01 -7.15773e-01 -7.64167e-01
3.34080e+05 1.67000e+03 -7.15061e-01 -6.84853e-01 -7.45269e-01 -7.39167e-01 -7.15456e-01 -7.62877e-01
3.34720e+05 1.67300e+03 -7.66044e-01 -7.04351e-01 -8.27736e-01 -7.38430e-01 -7.14924e-01 -7.61936e-01
3.35360e+05 1.67600e+03 -7.55044e-01 -6.94483e-01 -8.15605e-01 -7.37805e-01 -7.14167e-01 -7.61443e-01
3.36000e+05 1.68000e+03 -7.96416e-01 -7.59407e-01 -8.33425e-01 -7.37326e-01 -7.13177e-01 -7.61476e-01
3.36640e+05 1.68300e+03 -8.28075e-01 -7.81383e-01 -8.74767e-01 -7.37019e-01 -7.11967e-01 -7.62071e-01
3.37280e+05 1.68600e+03 -7.27469e-01 -6.71376e-01 -7.83563e-01 -7.36895e-01 -7.10584e-01 -7.63205e-01
3.37920e+05 1.68900e+03 -7.28421e-01 -7.14427e-01 -7.42415e-01 -7.36945e-01 -7.09108e-01 -7.64781e-01
3.38560e+05 1.69200e+03 -7.22193e-01 -6.16038e-01 -8.28347e-01 -7.37141e-01 -7.07637e-01 -7.66645e-01
3.39200e+05 1.69600e+03 -7.51231e-01 -7.13408e-01 -7.89055e-01 -7.37449e-01 -7.06279e-01 -7.68618e-01
3.39840e+05 1.69900e+03 -7.78260e-01 -6.85440e-01 -8.71081e-01 -7.37841e-01 -7.05143e-01 -7.70538e-01
3.40480e+05 1.70200e+03 -7.37458e-01 -7.34867e-01 -7.40050e-01 -7.38297e-01 -7.04319e-01 -7.72275e-01
3.41120e+05 1.70500e+03 -7.21619e-01 -6.53388e-01 -7.89849e-01 -7.38788e-01 -7.03860e-01 -7.73716e-01
3.41760e+05 1.70800e+03 -7.44775e-01 -6.64375e-01 -8.25174e-01 -7.39259e-01 -7.03762e-01 -7.74756e-01
3.42400e+05 1.71200e+03 -7.58782e-01 -6.52787e-01 -8.64777e-01 -7.39637e-01 -7.03966e-01 -7.75308e-01
3.43040e+05 1.71500e+03 -7.12108e-01 -6.78186e-01 -7.46030e-01 -7.39848e-01 -7.04369e-01 -7.75326e-01
3.43680e+05 1.71800e+03 -7.20066e-01 -6.58475e-01 -7.81657e-01 -7.39835e-01 -7.04845e-01 -7.74825e-01
3.44320e+05 1.72100e+03 -6.88486e-01 -6.31060e-01 -7.45913e-01 -7.39565e-01 -7.05243e-01 -7.73888e-01
3.44960e+05 1.72400e+03 -7.55889e-01 -6.97543e-01 -8.14235e-01 -7.39026e-01 -7.05410e-01 -7.72642e-01
3.45600e+05 1.72800e+03 -6.82400e-01 -6.47660e-01 -7.17141e-01 -7.38213e-01 -7.05201e-01 -7.71224e-01
3.46240e+05 1.73100e+03 -7.23126e-01 -6.76925e-01 -7.69327e-01 -7.37130e-01 -7.04520e-01 -7.69741e-01
3.46880e+05 1.73400e+03 -7.20348e-01 -6.80182e-01 -7.60514e-01 -7.35798e-01 -7.03352e-01 -7.68244e-01
3.47520e+05 1.73700e+03 -6.57211e-01 -6.31012e-01 -6.83410e-01 -7.34261e-01 -7.01788e-01 -7.66735e-01
3.48160e+05 1.74000e+03 -7.60660e-01 -7.46030e-01 -7.75290e-01 -7.32584e-01 -6.99982e-01 -7.65186e-01
3.48800e+05 1.74400e+03 -6.73430e-01 -6.03807e-01 -7.43053e-01 -7.30829e-01 -6.98096e-01 -7.63562e-01
3.49440e+05 1.74700e+03 -7.34567e-01 -7.04476e-01 -7.64659e-01 -7.29037e-01 -6.96246e-01 -7.61828e-01
3.50080e+05 1.75000e+03 -7.04258e-01 -6.27288e-01 -7.81229e-01 -7.27217e-01 -6.94485e-01 -7.59949e-01
3.50720e+05 1.75300e+03 -6.77818e-01 -6.56381e-01 -6.99255e-01 -7.25363e-01 -6.92819e-01 -7.57907e-01
3.51360e+05 1.75600e+03 -7.22919e-01 -7.21525e-01 -7.24313e-01 -7.23476e-01 -6.91234e-01 -7.55719e-01
3.52000e+05 1.76000e+03 -7.35657e-01 -6.75258e-01 -7.96056e-01 -7.21587e-01 -6.89721e-01 -7.53453e-01
3.52640e+05 1.76300e+03 -7.89162e-01 -7.50397e-01 -8.27927e-01 -7.19759e-01 -6.88285e-01 -7.51233e-01
3.53280e+05 1.76600e+03 -6.67192e-01 -6.51678e-01 -6.82706e-01 -7.18071e-01 -6.86946e-01 -7.49197e-01
3.53920e+05 1.76900e+03 -7.56346e-01 -7.44608e-01 -7.68083e-01 -7.16596e-01 -6.85744e-01 -7.47448e-01
3.54560e+05 1.77200e+03 -7.55049e-01 -7.09438e-01 -8.00661e-01 -7.15392e-01 -6.84753e-01 -7.46030e-01
3.55200e+05 1.77600e+03 -7.55360e-01 -7.26066e-01 -7.84654e-01 -7.14509e-01 -6.84094e-01 -7.44924e-01
3.55840e+05 1.77900e+03 -7.06279e-01 -6.85952e-01 -7.26606e-01 -7.13992e-01 -6.83923e-01 -7.44061e-01
3.56480e+05 1.78200e+03 -6.83154e-01 -6.45388e-01 -7.20919e-01 -7.13868e-01 -6.84398e-01 -7.43337e-01
3.57120e+05 1.78500e+03 -6.71146e-01 -6.23882e-01 -7.18410e-01 -7.14141e-01 -6.85620e-01 -7.42662e-01
3.57760e+05 1.78800e+03 -6.70793e-01 -6.37659e-01 -7.03927e-01 -7.14783e-01 -6.87575e-01 -7.41991e-01
3.58400e+05 1.79200e+03 -6.94331e-01 -6.40578e-01 -7.48083e-01 -7.15724e-01 -6.90111e-01 -7.41337e-01
3.59040e+05 1.79500e+03 -6.89319e-01 -6.26088e-01 -7.52550e-01 -7.16838e-01 -6.92950e-01 -7.40726e-01
3.59680e+05 1.79800e+03 -7.11502e-01 -6.75733e-01 -7.47270e-01 -7.17957e-01 -6.95752e-01 -7.40162e-01
3.60320e+05 1.80100e+03 -7.35889e-01 -7.03776e-01 -7.68002e-01 -7.18898e-01 -6.98198e-01 -7.39598e-01
3.60960e+05 1.80400e+03 -7.31675e-01 -6.69270e-01 -7.94080e-01 -7.19504e-01 -7.00063e-01 -7.38945e-01
3.61600e+05 1.80800e+03 -8.02889e-01 -7.56140e-01 -8.49639e-01 -7.19686e-01 -7.01245e-01 -7.38127e-01
3.62240e+05 1.81100e+03 -7.38180e-01 -7.14593e-01 -7.61767e-01 -7.19445e-01 -7.01763e-01 -7.37127e-01
3.62880e+05 1.81400e+03 -7.00528e-01 -6.77655e-01 -7.23401e-01 -7.18863e-01 -7.01728e-01 -7.35998e-01
3.63520e+05 1.81700e+03 -7.43224e-01 -7.31984e-01 -7.54464e-01 -7.18072e-01 -7.01320e-01 -7.34824e-01
3.64160e+05 1.82000e+03 -7.08113e-01 -6.85913e-01 -7.30314e-01 -7.17229e-01 -7.00779e-01 -7.33679e-01
3.64800e+05 1.82400e+03 -7.02946e-01 -6.38796e-01 -7.67096e-01 -7.16492e-01 -7.00370e-01 -7.32614e-01
3.65440e+05 1.82700e+03 -7.11259e-01 -6.76583e-01 -7.45935e-01 -7.16002e-01 -7.00347e-01 -7.31656e-01
3.66080e+05 1.83000e+03 -7.07366e-01 -6.78978e-01 -7.35753e-01 -7.15855e-01 -7.00883e-01 -7.30827e-01
3.66720e+05 1.83300e+03 -7.23969e-01 -7.13560e-01 -7.34378e-01 -7.16085e-01 -7.02032e-01 -7.30137e-01
3.67360e+05 1.83600e+03 -6.99099e-01 -6.54450e-01 -7.43748e-01 -7.16667e-01 -7.03727e-01 -7.29606e-01
3.68000e+05 1.84000e+03 -7.23994e-01 -7.00750e-01 -7.47238e-01 -7.17530e-01 -7.05809e-01 -7.29251e-01
3.68640e+05 1.84300e+03 -7.40383e-01 -6.93224e-01 -7.87542e-01 -7.18573e-01 -7.08073e-01 -7.29074e-01
3.69280e+05 1.84600e+03 -7.08619e-01 -6.71760e-01 -7.45478e-01 -7.19685e-01 -7.10307e-01 -7.29063e-01
3.69920e+05 1.84900e+03 -6.85752e-01 -6.81731e-01 -6.89773e-01 -7.20763e-01 -7.12331e-01 -7.29195e-01
3.70560e+05 1.85200e+03 -7.00046e-01 -6.64121e-01 -7.35972e-01 -7.21731e-01 -7.14007e-01 -7.29455e-01
3.71200e+05 1.85600e+03 -7.19945e-01 -6.76284e-01 -7.63605e-01 -7.22548e-01 -7.15257e-01 -7.29839e-01
3.71840e+05 1.85900e+03 -7.58592e-01 -7.46730e-01 -7.70455e-01 -7.23196e-01 -7.16066e-01 -7.30327e-01
3.72480e+05 1.86200e+03 -7.15959e-01 -6.40319e-01 -7.91599e-01 -7.23675e-01 -7.16474e-01 -7.30877e-01
3.73120e+05 1.86500e+03 -7.38652e-01 -6.90715e-01 -7.86589e-01 -7.23976e-01 -7.16532e-01 -7.31420e-01
3.73760e+05 1.86800e+03 -7.12888e-01 -6.99282e-01 -7.26494e-01 -7.24082e-01 -7.16259e-01 -7.31905e-01
3.74400e+05 1.87200e+03 -6.51610e-01 -6.39549e-01 -6.63671e-01 -7.23976e-01 -7.15636e-01 -7.32317e-01
3.75040e+05 1.87500e+03 -7.21128e-01 -6.86944e-01 -7.55312e-01 -7.23666e-01 -7.14644e-01 -7.32688e-01
3.75680e+05 1.87800e+03 -6.44756e-01 -6.20731e-01 -6.68781e-01 -7.23195e-01 -7.13319e-01 -7.33071e-01
3.76320e+05 1.88100e+03 -6.89284e-01 -6.67501e-01 -7.11068e-01 -7.22635e-01 -7.11766e-01 -7.33505e-01
3.76960e+05 1.88400e+03 -7.45602e-01 -6.98013e-01 -7.93191e-01 -7.22069e-01 -7.10134e-01 -7.34003e-01
3.77600e+05 1.88800e+03 -6.89653e-01 -6.58951e-01 -7.20354e-01 -7.21558e-01 -7.08551e-01 -7.34565e-01
3.78240e+05 1.89100e+03 -6.93010e-01 -5.99876e-01 -7.86145e-01 -7.21140e-01 -7.07071e-01 -7.35210e-01
3.78880e+05 1.89400e+03 -7.21705e-01 -6.83775e-01 -7.59636e-01 -7.20816e-01 -7.05664e-01 -7.35968e-01
3.79520e+05 1.89700e+03 -7.37286e-01 -6.69073e-01 -8.05498e-01 -7.20556e-01 -7.04248e-01 -7.36864e-01
3.80160e+05 1.90000e+03 -7.37238e-01 -6.82077e-01 -7.92399e-01 -7.20314e-01 -7.02739e-01 -7.37889e-01
3.80800e+05 1.90400e+03 -7.04740e-01 -6.45270e-01 -7.64209e-01 -7.20040e-01 -7.01092e-01 -7.38988e-01
3.81440e+05 1.90700e+03 -7.24294e-01 -7.21018e-01 -7.27569e-01 -7.19689e-01 -6.99313e-01 -7.40065e-01
3.82080e+05 1.91000e+03 -6.88766e-01 -6.65077e-01 -7.12455e-01 -7.19243e-01 -6.97455e-01 -7.41030e-01
3.82720e+05 1.91300e+03 -7.59068e-01 -7.28344e-01 -7.89791e-01 -7.18713e-01 -6.95603e-01 -7.41824e-01
3.83360e+05 1.91600e+03 -7.38063e-01 -6.76827e-01 -7.99300e-01 -7.18137e-01 -6.93849e-01 -7.42424e-01
3.84000e+05 1.92000e+03 -7.08276e-01 -6.48348e-01 -7.68204e-01 -7.17548e-01 -6.92266e-01 -7.42830e-01
3.84640e+05 1.92300e+03 -6.67922e-01 -6.60580e-01 -6.75264e-01 -7.16959e-01 -6.90879e-01 -7.43040e-01
3.85280e+05 1.92600e+03 -7.33547e-01 -6.78311e-01 -7.88782e-01 -7.16369e-01 -6.89682e-01 -7.43056e-01
3.85920e+05 1.92900e+03 -6.87660e-01 -5.99274e-01 -7.76046e-01 -7.15785e-01 -6.88672e-01 -7.42897e-01
3.86560e+05 1.93200e+03 -7.15890e-01 -6.69656e-01 -7.62123e-01 -7.15235e-01 -6.87881e-01 -7.42588e-01
3.87200e+05 1.93600e+03 -7.45200e-01 -7.23091e-01 -7.67309e-01 -7.14760e-01 -6.87375e-01 -7.42145e-01
3.87840e+05 1.93900e+03 -7.10344e-01 -6.65454e-01 -7.55234e-01 -7.14397e-01 -6.87226e-01 -7.41569e-01
3.88480e+05 1.94200e+03 -7.21135e-01 -6.63043e-01 -7.79226e-01 -7.14177e-01 -6.87486e-01 -7.40868e-01
3.89120e+05 1.94500e+03 -7.37939e-01 -6.79548e-01 -7.96330e-01 -7.14123e-01 -6.88174e-01 -7.40071e-01
3.89760e+05 1.94800e+03 -7.38177e-01 -6.86963e-01 -7.89391e-01 -7.14261e-01 -6.89282e-01 -7.39241e-01
3.90400e+05 1.95200e+03 -6.98072e-01 -6.46829e-01 -7.49315e-01 -7.14624e-01 -6.90773e-01 -7.38475e-01
3.91040e+05 1.95500e+03 -7.19531e-01 -6.35521e-01 -8.03540e-01 -7.15243e-01 -6.92585e-01 -7.37902e-01
3.91680e+05 1.95800e+03 -7.26359e-01 -6.73408e-01 -7.79309e-01 -7.16127e-01 -6.94623e-01 -7.37632e-01
3.92320e+05 1.96100e+03 -6.89107e-01 -6.53421e-01 -7.24792e-01 -7.17244e-01 -6.96748e-01 -7.37740e-01
3.92960e+05 1.96400e+03 -7.15894e-01 -7.03496e-01 -7.28292e-01 -7.18506e-01 -6.98766e-01 -7.38246e-01
3.93600e+05 1.96800e+03 -6.63909e-01 -6.21130e-01 -7.06688e-01 -7.19784e-01 -7.00452e-01 -7.39116e-01
3.94240e+05 1.97100e+03 -7.24956e-01 -6.46759e-01 -8.03153e-01 -7.20929e-01 -7.01601e-01 -7.40257e-01
3.94880e+05 1.97400e+03 -7.15191e-01 -6.80798e-01 -7.49584e-01 -7.21801e-01 -7.02092e-01 -7.41510e-01
3.95520e+05 1.97700e+03 -7.48393e-01 -6.83027e-01 -8.13759e-01 -7.22286e-01 -7.01909e-01 -7.42664e-01
3.96160e+05 1.98000e+03 -6.97715e-01 -6.43146e-01 -7.52285e-01 -7.22314e-01 -7.01122e-01 -7.43506e-01
3.96800e+05 1.98400e+03 -7.24636e-01 -7.13880e-01 -7.35392e-01 -7.21872e-01 -6.99857e-01 -7.43887e-01
3.97440e+05 1.98700e+03 -6.85601e-01 -6.34594e-01 -7.36608e-01 -7.21012e-01 -6.98280e-01 -7.43744e-01
3.98080e+05 1.99000e+03 -7.25480e-01 -6.91306e-01 -7.59655e-01 -7.19851e-01 -6.96597e-01 -7.43105e-01
3.98720e+05 1.99300e+03 -6.98153e-01 -6.56956e-01 -7.39351e-01 -7.18553e-01 -6.95043e-01 -7.42063e-01
3.99360e+05 1.99600e+03 -7.05954e-01 -6.14034e-01 -7.97875e-01 -7.17285e-01 -6.93823e-01 -7.40746e-01
4.00000e+05 2.00000e+03 -7.12658e-01 -6.96877e-01 -7.28439e-01 -7.16180e-01 -6.93064e-01 -7.39295e-01
4.00640e+05 2.00300e+03 -7.22314e-01 -6.56453e-01 -7.88175e-01 -7.15308e-01 -6.92781e-01 -7.37835e-01
4.01280e+05 2.00600e+03 -7.59301e-01 -6.69362e-01 -8.49240e-01 -7.14670e-01 -6.92874e-01 -7.36466e-01
4.01920e+05 2.00900e+03 -7.11569e-01 -6.46287e-01 -7.76850e-01 -7.14212e-01 -6.93151e-01 -7.35274e-01
4.02560e+05 2.01200e+03 -6.64084e-01 -6.24358e-01 -7.03809e-01 -7.13854e-01 -6.93374e-01 -7.34334e-01
4.03200e+05 2.01600e+03 -7.13810e-01 -6.53030e-01 -7.74589e-01 -7.13522e-01 -6.93318e-01 -7.33726e-01
4.03840e+05 2.01900e+03 -7.61909e-01 -7.17488e-01 -8.06329e-01 -7.13183e-01 -6.92839e-01 -7.33528e-01
4.04480e+05 2.02200e+03 -6.93487e-01 -6.55784e-01 -7.31191e-01 -7.12849e-01 -6.91914e-01 -7.33784e-01
4.05120e+05 2.02500e+03 -7.00516e-01 -6.42622e-01 -7.58410e-01 -7.12559e-01 -6.90640e-01 -7.34478e-01
4.05760e+05 2.02800e+03 -6.84822e-01 -6.74041e-01 -6.95603e-01 -7.12355e-01 -6.89187e-01 -7.35523e-01
4.06400e+05 2.03200e+03 -7.49849e-01 -7.11876e-01 -7.87822e-01 -7.12278e-01 -6.87747e-01 -7.36809e-01
4.07040e+05 2.03500e+03 -6.80292e-01 -6.16267e-01 -7.44317e-01 -7.12367e-01 -6.86511e-01 -7.38224e-01
4.07680e+05 2.03800e+03 -7.00659e-01 -6.83431e-01 -7.17886e-01 -7.12659e-01 -6.85632e-01 -7.39685e-01
4.08320e+05 2.04100e+03 -6.92392e-01 -6.65629e-01 -7.19154e-01 -7.13165e-01 -6.85187e-01 -7.41143e-01
4.08960e+05 2.04400e+03 -7.08187e-01 -6.96747e-01 -7.19627e-01 -7.13860e-01 -6.85149e-01 -7.42572e-01
4.09600e+05 2.04800e+03 -7.07002e-01 -6.71795e-01 -7.42210e-01 -7.14684e-01 -6.85424e-01 -7.43944e-01
4.10240e+05 2.05100e+03 -7.21209e-01 -6.76220e-01 -7.66198e-01 -7.15561e-01 -6.85930e-01 -7.45192e-01
4.10880e+05 2.05400e+03 -7.04653e-01 -6.41803e-01 -7.67503e-01 -7.16405e-01 -6.86635e-01 -7.46176e-01
4.11520e+05 2.05700e+03 -7.34476e-01 -6.87872e-01 -7.81079e-01 -7.17123e-01 -6.87548e-01 -7.46698e-01
4.12160e+05 2.06000e+03 -7.38285e-01 -6.95162e-01 -7.81408e-01 -7.17615e-01 -6.88670e-01 -7.46559e-01
4.12800e+05 2.06400e+03 -6.95355e-01 -6.58335e-01 -7.32375e-01 -7.17789e-01 -6.89947e-01 -7.45632e-01
4.13440e+05 2.06700e+03 -7.93877e-01 -7.60328e-01 -8.27426e-01 -7.17588e-01 -6.91263e-01 -7.43913e-01
4.14080e+05 2.07000e+03 -6.76421e-01 -6.45314e-01 -7.07529e-01 -7.17000e-01 -6.92468e-01 -7.41533e-01
4.14720e+05 2.07300e+03 -7.29910e-01 -7.23644e-01 -7.36176e-01 -7.16073e-01 -6.93428e-01 -7.38718e-01
4.15360e+05 2.07600e+03 -7.16416e-01 -7.02437e-01 -7.30395e-01 -7.14895e-01 -6.94068e-01 -7.35723e-01
4.16000e+05 2.08000e+03 -7.25309e-01 -6.97333e-01 -7.53286e-01 -7.13571e-01 -6.94391e-01 -7.32750e-01
4.16640e+05 2.08300e+03 -6.83138e-01 -6.57631e-01 -7.08644e-01 -7.12197e-01 -6.94479e-01 -7.29915e-01
4.17280e+05 2.08600e+03 -7.11608e-01 -7.05907e-01 -7.17309e-01 -7.10856e-01 -6.94462e-01 -7.27251e-01
4.17920e+05 2.08900e+03 -6.75412e-01 -6.58412e-01 -6.92412e-01 -7.09613e-01 -6.94481e-01 -7.24744e-01
4.18560e+05 2.09200e+03 -7.29449e-01 -6.79701e-01 -7.79197e-01 -7.08512e-01 -6.94641e-01 -7.22383e-01
4.19200e+05 2.09600e+03 -6.75683e-01 -6.43159e-01 -7.08207e-01 -7.07578e-01 -6.94970e-01 -7.20185e-01
4.19840e+05 2.09900e+03 -6.40537e-01 -6.18015e-01 -6.63058e-01 -7.06803e-01 -6.95408e-01 -7.18197e-01
4.20480e+05 2.10200e+03 -6.70511e-01 -6.37366e-01 -7.03655e-01 -7.06150e-01 -6.95833e-01 -7.16466e-01
4.21120e+05 2.10500e+03 -6.74048e-01 -6.41596e-01 -7.06501e-01 -7.05565e-01 -6.96126e-01 -7.15004e-01
4.21760e+05 2.10800e+03 -7.34449e-01 -6.63260e-01 -8.05637e-01 -7.04995e-01 -6.96219e-01 -7.13772e-01
4.22400e+05 2.11200e+03 -7.32427e-01 -7.20566e-01 -7.44287e-01 -7.04390e-01 -6.96099e-01 -7.12682e-01
4.23040e+05 2.11500e+03 -7.15573e-01 -6.90423e-01 -7.40723e-01 -7.03699e-01 -6.95769e-01 -7.11629e-01
4.23680e+05 2.11800e+03 -7.10468e-01 -7.04794e-01 -7.16141e-01 -7.02868e-01 -6.95210e-01 -7.10526e-01
4.24320e+05 2.12100e+03 -6.67388e-01 -6.46373e-01 -6.88403e-01 -7.01868e-01 -6.94380e-01 -7.09357e-01
4.24960e+05 2.12400e+03 -6.51530e-01 -6.28949e-01 -6.74110e-01 -7.00719e-01 -6.93250e-01 -7.08188e-01
4.25600e+05 2.12800e+03 -6.53425e-01 -6.15856e-01 -6.90995e-01 -6.99501e-01 -6.91860e-01 -7.07142e-01
4.26240e+05 2.13100e+03 -7.14145e-01 -6.45407e-01 -7.82884e-01 -6.98342e-01 -6.90329e-01 -7.06355e-01
4.26880e+05 2.13400e+03 -6.85125e-01 -6.44758e-01 -7.25491e-01 -6.97380e-01 -6.88836e-01 -7.05925e-01
4.27520e+05 2.13700e+03 -7.02860e-01 -6.49495e-01 -7.56224e-01 -6.96714e-01 -6.87558e-01 -7.05870e-01
4.28160e+05 2.14000e+03 -6.80549e-01 -6.30278e-01 -7.30821e-01 -6.96369e-01 -6.86613e-01 -7.06125e-01
4.28800e+05 2.14400e+03 -7.13936e-01 -7.05338e-01 -7.22534e-01 -6.96301e-01 -6.86037e-01 -7.06565e-01
4.29440e+05 2.14700e+03 -7.29246e-01 -6.79696e-01 -7.78796e-01 -6.96406e-01 -6.85762e-01 -7.07049e-01
4.30080e+05 2.15000e+03 -6.31163e-01 -5.95265e-01 -6.67060e-01 -6.96554e-01 -6.85655e-01 -7.07454e-01
4.30720e+05 2.15300e+03 -6.64152e-01 -6.46822e-01 -6.81483e-01 -6.96618e-01 -6.85548e-01 -7.07689e-01
4.31360e+05 2.15600e+03 -6.84966e-01 -6.29433e-01 -7.40499e-01 -6.96507e-01 -6.85310e-01 -7.07704e-01
4.32000e+05 2.16000e+03 -7.13050e-01 -6.56240e-01 -7.69860e-01 -6.96202e-01 -6.84902e-01 -7.07503e-01
4.32640e+05 2.16300e+03 -7.16859e-01 -6.65638e-01 -7.68081e-01 -6.95762e-01 -6.84390e-01 -7.07134e-01
4.33280e+05 2.16600e+03 -6.47669e-01 -6.22300e-01 -6.73038e-01 -6.95281e-01 -6.83905e-01 -7.06656e-01
4.33920e+05 2.16900e+03 -7.17878e-01 -6.83432e-01 -7.52324e-01 -6.94846e-01 -6.83583e-01 -7.06110e-01
4.34560e+05 2.17200e+03 -7.07963e-01 -6.67863e-01 -7.48064e-01 -6.94505e-01 -6.83502e-01 -7.05507e-01
4.35200e+05 2.17600e+03 -7.19119e-01 -6.83770e-01 -7.54469e-01 -6.94266e-01 -6.83657e-01 -7.04875e-01
4.35840e+05 2.17900e+03 -7.31341e-01 -6.73522e-01 -7.89161e-01 -6.94110e-01 -6.83947e-01 -7.04273e-01
4.36480e+05 2.18200e+03 -6.19163e-01 -5.75176e-01 -6.63151e-01 -6.94003e-01 -6.84214e-01 -7.03792e-01
4.37120e+05 2.18500e+03 -7.02750e-01 -6.85034e-01 -7.20466e-01 -6.93900e-01 -6.84295e-01 -7.03504e-01
4.37760e+05 2.18800e+03 -7.00601e-01 -6.95103e-01 -7.06098e-01 -6.93759e-01 -6.84080e-01 -7.03438e-01
4.38400e+05 2.19200e+03 -7.39560e-01 -7.14074e-01 -7.65046e-01 -6.93553e-01 -6.83557e-01 -7.03548e-01
4.39040e+05 2.19500e+03 -7.18139e-01 -6.91936e-01 -7.44342e-01 -6.93277e-01 -6.82814e-01 -7.03739e-01
4.39680e+05 2.19800e+03 -6.87529e-01 -6.06060e-01 -7.68998e-01 -6.92955e-01 -6.82017e-01 -7.03893e-01
4.40320e+05 2.20100e+03 -7.62158e-01 -7.41187e-01 -7.83129e-01 -6.92637e-01 -6.81367e-01 -7.03908e-01
4.40960e+05 2.20400e+03 -6.61544e-01 -6.49790e-01 -6.73298e-01 -6.92390e-01 -6.81058e-01 -7.03721e-01
4.41600e+05 2.20800e+03 -6.56373e-01 -6.25445e-01 -6.87301e-01 -6.92288e-01 -6.81238e-01 -7.03338e-01
4.42240e+05 2.21100e+03 -6.95839e-01 -6.78251e-01 -7.13427e-01 -6.92402e-01 -6.81985e-01 -7.02819e-01
4.42880e+05 2.21400e+03 -6.14033e-01 -5.91423e-01 -6.36643e-01 -6.92771e-01 -6.83285e-01 -7.02258e-01
4.43520e+05 2.21700e+03 -7.26859e-01 -6.86185e-01 -7.67533e-01 -6.93391e-01 -6.85038e-01 -7.01743e-01
4.44160e+05 2.22000e+03 -6.68316e-01 -6.52812e-01 -6.83820e-01 -6.94197e-01 -6.87063e-01 -7.01330e-01
4.44800e+05 2.22400e+03 -7.38013e-01 -7.03918e-01 -7.72108e-01 -6.95082e-01 -6.89118e-01 -7.01045e-01
4.45440e+05 2.22700e+03 -6.67660e-01 -6.10894e-01 -7.24426e-01 -6.95912e-01 -6.90920e-01 -7.00904e-01
4.46080e+05 2.23000e+03 -7.28009e-01 -6.89468e-01 -7.66550e-01 -6.96560e-01 -6.92198e-01 -7.00923e-01
4.46720e+05 2.23300e+03 -7.33733e-01 -7.02036e-01 -7.65429e-01 -6.96930e-01 -6.92802e-01 -7.01059e-01
4.47360e+05 2.23600e+03 -6.65785e-01 -6.44580e-01 -6.86991e-01 -6.96968e-01 -6.92767e-01 -7.01169e-01
4.48000e+05 2.24000e+03 -6.66664e-01 -6.17876e-01 -7.15453e-01 -6.96673e-01 -6.92254e-01 -7.01092e-01
4.48640e+05 2.24300e+03 -6.86031e-01 -6.52491e-01 -7.19571e-01 -6.96112e-01 -6.91459e-01 -7.00764e-01
4.49280e+05 2.24600e+03 -6.57838e-01 -6.39316e-01 -6.76361e-01 -6.95400e-01 -6.90566e-01 -7.00234e-01
4.49920e+05 2.24900e+03 -7.33591e-01 -6.92180e-01 -7.75002e-01 -6.94679e-01 -6.89709e-01 -6.99648e-01
4.50560e+05 2.25200e+03 -7.17846e-01 -6.60769e-01 -7.74923e-01 -6.94065e-01 -6.88908e-01 -6.99223e-01
4.51200e+05 2.25600e+03 -7.03416e-01 -6.69173e-01 -7.37659e-01 -6.93629e-01 -6.88052e-01 -6.99206e-01
4.51840e+05 2.25900e+03 -6.76132e-01 -6.21092e-01 -7.31172e-01 -6.93377e-01 -6.87012e-01 -6.99742e-01
4.52480e+05 2.26200e+03 -6.88815e-01 -6.53530e-01 -7.24099e-01 -6.93267e-01 -6.85783e-01 -7.00752e-01
4.53120e+05 2.26500e+03 -7.05305e-01 -6.79656e-01 -7.30953e-01 -6.93237e-01 -6.84493e-01 -7.01981e-01
4.53760e+05 2.26800e+03 -7.00964e-01 -6.75158e-01 -7.26770e-01 -6.93228e-01 -6.83297e-01 -7.03160e-01
4.54400e+05 2.27200e+03 -6.71785e-01 -6.59649e-01 -6.83922e-01 -6.93206e-01 -6.82278e-01 -7.04133e-01
4.55040e+05 2.27500e+03 -6.77408e-01 -6.57648e-01 -6.97168e-01 -6.93156e-01 -6.81424e-01 -7.04889e-01
4.55680e+05 2.27800e+03 -6.69305e-01 -6.37349e-01 -7.01262e-01 -6.93085e-01 -6.80661e-01 -7.05509e-01
4.56320e+05 2.28100e+03 -6.89792e-01 -5.99192e-01 -7.80392e-01 -6.93012e-01 -6.79935e-01 -7.06089e-01
4.56960e+05 2.28400e+03 -7.23978e-01 -6.65225e-01 -7.82731e-01 -6.92968e-01 -6.79265e-01 -7.06671e-01
4.57600e+05 2.28800e+03 -6.99983e-01 -6.63036e-01 -7.36931e-01 -6.92977e-01 -6.78752e-01 -7.07202e-01
4.58240e+05 2.29100e+03 -6.64932e-01 -6.44724e-01 -6.85139e-01 -6.93050e-01 -6.78517e-01 -7.07582e-01
4.58880e+05 2.29400e+03 -6.68360e-01 -6.37991e-01 -6.98730e-01 -6.93187e-01 -6.78654e-01 -7.07719e-01
4.59520e+05 2.29700e+03 -7.25475e-01 -6.82468e-01 -7.68482e-01 -6.93394e-01 -6.79196e-01 -7.07591e-01
4.60160e+05 2.30000e+03 -6.99859e-01 -6.42420e-01 -7.57298e-01 -6.93689e-01 -6.80118e-01 -7.07259e-01
4.60800e+05 2.30400e+03 -6.90021e-01 -6.10746e-01 -7.69297e-01 -6.94083e-01 -6.81326e-01 -7.06840e-01
4.61440e+05 2.30700e+03 -7.17130e-01 -6.96561e-01 -7.37700e-01 -6.94557e-01 -6.82652e-01 -7.06463e-01
4.62080e+05 2.31000e+03 -6.73715e-01 -6.56106e-01 -6.91324e-01 -6.95057e-01 -6.83879e-01 -7.06235e-01
4.62720e+05 2.31300e+03 -6.89252e-01 -6.51675e-01 -7.26830e-01 -6.95516e-01 -6.84791e-01 -7.06241e-01
4.63360e+05 2.31600e+03 -6.73419e-01 -6.54850e-01 -6.91987e-01 -6.95886e-01 -6.85257e-01 -7.06515e-01
4.64000e+05 2.32000e+03 -7.42250e-01 -7.18853e-01 -7.65646e-01 -6.96171e-01 -6.85316e-01 -7.07026e-01
4.64640e+05 2.32300e+03 -7.11094e-01 -6.22477e-01 -7.99711e-01 -6.96407e-01 -6.85147e-01 -7.07667e-01
4.65280e+05 2.32600e+03 -7.10630e-01 -6.72345e-01 -7.48915e-01 -6.96645e-01 -6.84972e-01 -7.08319e-01
4.65920e+05 2.32900e+03 -7.25984e-01 -6.82310e-01 -7.69658e-01 -6.96915e-01 -6.84956e-01 -7.08873e-01
4.66560e+05 2.33200e+03 -6.98727e-01 -6.40266e-01 -7.57188e-01 -6.97223e-01 -6.85174e-01 -7.09272e-01
4.67200e+05 2.33600e+03 -6.70410e-01 -6.66598e-01 -6.74222e-01 -6.97574e-01 -6.85625e-01 -7.09523e-01
4.67840e+05 2.33900e+03 -7.06560e-01 -6.70963e-01 -7.42156e-01 -6.97970e-01 -6.86254e-01 -7.09686e-01
4.68480e+05 2.34200e+03 -7.48040e-01 -6.77703e-01 -8.18376e-01 -6.98411e-01 -6.86976e-01 -7.09846e-01
4.69120e+05 2.34500e+03 -7.17323e-01 -6.85396e-01 -7.49251e-01 -6.98880e-01 -6.87698e-01 -7.10061e-01
4.69760e+05 2.34800e+03 -7.28608e-01 -6.23915e-01 -8.33301e-01 -6.99336e-01 -6.88331e-01 -7.10341e-01
4.70400e+05 2.35200e+03 -6.79909e-01 -6.65567e-01 -6.94251e-01 -6.99725e-01 -6.88805e-01 -7.10644e-01
4.71040e+05 2.35500e+03 -7.57435e-01 -6.83435e-01 -8.31435e-01 -7.00003e-01 -6.89075e-01 -7.10931e-01
4.71680e+05 2.35800e+03 -7.64113e-01 -7.23596e-01 -8.04631e-01 -7.00172e-01 -6.89131e-01 -7.11212e-01
4.72320e+05 2.36100e+03 -7.33158e-01 -6.56234e-01 -8.10083e-01 -7.00287e-01 -6.89024e-01 -7.11550e-01
4.72960e+05 2.36400e+03 -6.89908e-01 -6.43950e-01 -7.35865e-01 -7.00436e-01 -6.88865e-01 -7.12006e-01
4.73600e+05 2.36800e+03 -7.00502e-01 -6.87015e-01 -7.13989e-01 -7.00699e-01 -6.88807e-01 -7.12591e-01
4.74240e+05 2.37100e+03 -6.60715e-01 -6.44352e-01 -6.77079e-01 -7.01137e-01 -6.88998e-01 -7.13276e-01
4.74880e+05 2.37400e+03 -6.73495e-01 -6.40134e-01 -7.06856e-01 -7.01793e-01 -6.89545e-01 -7.14041e-01
4.75520e+05 2.37700e+03 -6.60933e-01 -6.28115e-01 -6.93750e-01 -7.02694e-01 -6.90493e-01 -7.14894e-01
4.76160e+05 2.38000e+03 -7.19913e-01 -7.06210e-01 -7.33616e-01 -7.03833e-01 -6.91811e-01 -7.15855e-01
4.76800e+05 2.38400e+03 -7.21419e-01 -6.42634e-01 -8.00204e-01 -7.05149e-01 -6.93377e-01 -7.16922e-01
4.77440e+05 2.38700e+03 -6.61940e-01 -6.21322e-01 -7.02557e-01 -7.06519e-01 -6.94978e-01 -7.18061e-01
4.78080e+05 2.39000e+03 -6.61876e-01 -6.11367e-01 -7.12385e-01 -7.07767e-01 -6.96334e-01 -7.19199e-01
4.78720e+05 2.39300e+03 -7.28049e-01 -7.06368e-01 -7.49731e-01 -7.08696e-01 -6.97142e-01 -7.20250e-01
4.79360e+05 2.39600e+03 -6.91943e-01 -6.52771e-01 -7.31116e-01 -7.09141e-01 -6.97156e-01 -7.21126e-01
4.80000e+05 2.40000e+03 -7.20966e-01 -7.11522e-01 -7.30410e-01 -7.09008e-01 -6.96261e-01 -7.21754e-01
4.80640e+05 2.40300e+03 -7.12561e-01 -6.59414e-01 -7.65709e-01 -7.08291e-01 -6.94496e-01 -7.22085e-01
4.81280e+05 2.40600e+03 -6.49634e-01 -6.15560e-01 -6.83707e-01 -7.07066e-01 -6.92013e-01 -7.22119e-01
4.81920e+05 2.40900e+03 -6.65035e-01 -6.41200e-01 -6.88869e-01 -7.05473e-01 -6.89039e-01 -7.21907e-01
4.82560e+05 2.41200e+03 -6.25216e-01 -5.98775e-01 -6.51657e-01 -7.03688e-01 -6.85840e-01 -7.21536e-01
4.83200e+05 2.41600e+03 -7.08513e-01 -6.96929e-01 -7.20097e-01 -7.01901e-01 -6.82707e-01 -7.21094e-01
4.83840e+05 2.41900e+03 -7.25215e-01 -7.22939e-01 -7.27490e-01 -7.00278e-01 -6.79919e-01 -7.20637e-01
4.84480e+05 2.42200e+03 -7.19832e-01 -6.25634e-01 -8.14029e-01 -6.98921e-01 -6.77676e-01 -7.20165e-01
4.85120e+05 2.42500e+03 -6.86208e-01 -6.55453e-01 -7.16962e-01 -6.97847e-01 -6.76060e-01 -7.19634e-01
4.85760e+05 2.42800e+03 -7.28982e-01 -7.05527e-01 -7.52437e-01 -6.97002e-01 -6.75018e-01 -7.18986e-01
4.86400e+05 2.43200e+03 -6.53986e-01 -6.47027e-01 -6.60945e-01 -6.96299e-01 -6.74415e-01 -7.18184e-01
4.87040e+05 2.43500e+03 -7.16566e-01 -6.95763e-01 -7.37369e-01 -6.95670e-01 -6.74107e-01 -7.17233e-01
4.87680e+05 2.43800e+03 -6.88364e-01 -6.51750e-01 -7.24978e-01 -6.95092e-01 -6.74008e-01 -7.16176e-01
4.88320e+05 2.44100e+03 -6.58365e-01 -6.23013e-01 -6.93718e-01 -6.94595e-01 -6.74105e-01 -7.15084e-01
4.88960e+05 2.44400e+03 -7.01968e-01 -6.43832e-01 -7.60104e-01 -6.94242e-01 -6.74439e-01 -7.14045e-01
4.89600e+05 2.44800e+03 -6.96761e-01 -6.75794e-01 -7.17728e-01 -6.94104e-01 -6.75056e-01 -7.13152e-01
4.90240e+05 2.45100e+03 -6.89268e-01 -6.61158e-01 -7.17378e-01 -6.94228e-01 -6.75962e-01 -7.12493e-01
4.90880e+05 2.45400e+03 -6.93922e-01 -6.14492e-01 -7.73352e-01 -6.94610e-01 -6.77091e-01 -7.12129e-01
4.91520e+05 2.45700e+03 -7.20641e-01 -6.92154e-01 -7.49127e-01 -6.95200e-01 -6.78313e-01 -7.12087e-01
4.92160e+05 2.46000e+03 -6.52060e-01 -6.30296e-01 -6.73824e-01 -6.95899e-01 -6.79453e-01 -7.12345e-01
4.92800e+05 2.46400e+03 -6.53439e-01 -6.29266e-01 -6.77612e-01 -6.96580e-01 -6.80342e-01 -7.12818e-01
4.93440e+05 2.46700e+03 -6.96041e-01 -6.66566e-01 -7.25517e-01 -6.97112e-01 -6.80844e-01 -7.13380e-01
4.94080e+05 2.47000e+03 -6.77875e-01 -6.33561e-01 -7.22188e-01 -6.97385e-01 -6.80870e-01 -7.13900e-01
4.94720e+05 2.47300e+03 -7.21028e-01 -6.86687e-01 -7.55369e-01 -6.97333e-01 -6.80394e-01 -7.14272e-01
4.95360e+05 2.47600e+03 -7.37585e-01 -6.70793e-01 -8.04377e-01 -6.96934e-01 -6.79444e-01 -7.14425e-01
4.96000e+05 2.48000e+03 -7.10688e-01 -6.47049e-01 -7.74327e-01 -6.96213e-01 -6.78107e-01 -7.14319e-01
4.96640e+05 2.48300e+03 -7.27194e-01 -6.76040e-01 -7.78348e-01 -6.95241e-01 -6.76522e-01 -7.13961e-01
4.97280e+05 2.48600e+03 -7.55002e-01 -7.40712e-01 -7.69293e-01 -6.94140e-01 -6.74859e-01 -7.13420e-01
4.97920e+05 2.48900e+03 -6.68640e-01 -6.42770e-01 -6.94510e-01 -6.93067e-01 -6.73294e-01 -7.12840e-01
4.98560e+05 2.49200e+03 -6.90344e-01 -6.48314e-01 -7.32375e-01 -6.92191e-01 -6.71965e-01 -7.12418e-01
4.99200e+05 2.49600e+03 -6.35436e-01 -5.93022e-01 -6.77849e-01 -6.91642e-01 -6.70939e-01 -7.12346e-01
4.99840e+05 2.49900e+03 -7.28748e-01 -6.79131e-01 -7.78366e-01 -6.91474e-01 -6.70200e-01 -7.12749e-01
