0.00000e+00 0.00000e+00 -6.17826e+00 -5.94791e+00 -6.40862e+00 -6.17826e+00 -5.94791e+00 -6.40862e+00
3.20000e+02 1.00000e+00 -5.94668e+00 -5.61704e+00 -6.27632e+00 -6.17826e+00 -5.94791e+00 -6.40862e+00
6.40000e+02 3.00000e+00 -5.75005e+00 -4.51452e+00 -6.98558e+00 -6.17826e+00 -5.94791e+00 -6.40862e+00
9.60000e+02 4.00000e+00 -5.63356e+00 -4.64225e+00 -6.62487e+00 -6.17826e+00 -5.94791e+00 -6.40862e+00
1.28000e+03 6.00000e+00 -5.52678e+00 -5.34368e+00 -5.70988e+00 -6.17826e+00 -5.94791e+00 -6.40862e+00
1.60000e+03 8.00000e+00 -4.50614e+00 -3.66555e+00 -5.34673e+00 -6.17826e+00 -5.94790e+00 -6.40862e+00
1.92000e+03 9.00000e+00 -4.48068e+00 -4.33140e+00 -4.62995e+00 -6.17826e+00 -5.94790e+00 -6.40861e+00
2.24000e+03 1.10000e+01 -5.31481e+00 -4.36756e+00 -6.26207e+00 -6.17824e+00 -5.94789e+00 -6.40860e+00
2.56000e+03 1.20000e+01 -4.74443e+00 -4.60575e+00 -4.88312e+00 -6.17820e+00 -5.94785e+00 -6.40855e+00
2.88000e+03 1.40000e+01 -6.26794e+00 -5.78230e+00 -6.75358e+00 -6.17810e+00 -5.94775e+00 -6.40845e+00
3.20000e+03 1.60000e+01 -3.78238e+00 -3.54652e+00 -4.01824e+00 -6.17785e+00 -5.94752e+00 -6.40818e+00
3.52000e+03 1.70000e+01 -3.58977e+00 -3.25244e+00 -3.92709e+00 -6.17732e+00 -5.94705e+00 -6.40759e+00
3.84000e+03 1.90000e+01 -3.87116e+00 -3.41228e+00 -4.33005e+00 -6.17632e+00 -5.94618e+00 -6.40647e+00
4.16000e+03 2.00000e+01 -4.30031e+00 -3.79559e+00 -4.80503e+00 -6.17455e+00 -5.94467e+00 -6.40443e+00
4.48000e+03 2.20000e+01 -4.85236e+00 -3.75102e+00 -5.95370e+00 -6.17164e+00 -5.94224e+00 -6.40104e+00
4.80000e+03 2.40000e+01 -3.34137e+00 -3.14077e+00 -3.54198e+00 -6.16711e+00 -5.93852e+00 -6.39571e+00
5.12000e+03 2.50000e+01 -3.45184e+00 -2.82398e+00 -4.07970e+00 -6.16044e+00 -5.93309e+00 -6.38779e+00
5.44000e+03 2.70000e+01 -3.61362e+00 -3.15817e+00 -4.06907e+00 -6.15103e+00 -5.92548e+00 -6.37659e+00
5.76000e+03 2.80000e+01 -3.46264e+00 -2.82665e+00 -4.09863e+00 -6.13829e+00 -5.91518e+00 -6.36139e+00
6.08000e+03 3.00000e+01 -3.84000e+00 -3.01938e+00 -4.66063e+00 -6.12159e+00 -5.90169e+00 -6.34150e+00
6.40000e+03 3.20000e+01 -3.38014e+00 -2.98183e+00 -3.77844e+00 -6.10039e+00 -5.88449e+00 -6.31628e+00
6.72000e+03 3.30000e+01 -3.08157e+00 -2.71605e+00 -3.44710e+00 -6.07415e+00 -5.86311e+00 -6.28518e+00
7.04000e+03 3.50000e+01 -3.22817e+00 -3.14648e+00 -3.30987e+00 -6.04245e+00 -5.83713e+00 -6.24776e+00
7.36000e+03 3.60000e+01 -3.22080e+00 -2.77501e+00 -3.66659e+00 -6.00497e+00 -5.80625e+00 -6.20369e+00
7.68000e+03 3.80000e+01 -2.93767e+00 -2.63791e+00 -3.23742e+00 -5.96148e+00 -5.77019e+00 -6.15278e+00
8.00000e+03 4.00000e+01 -3.00221e+00 -2.67687e+00 -3.32754e+00 -5.91189e+00 -5.72881e+00 -6.09496e+00
8.32000e+03 4.10000e+01 -2.88292e+00 -2.73551e+00 -3.03033e+00 -5.85619e+00 -5.68206e+00 -6.03032e+00
8.64000e+03 4.30000e+01 -3.24081e+00 -3.03988e+00 -3.44175e+00 -5.79451e+00 -5.62995e+00 -5.95906e+00
8.96000e+03 4.40000e+01 -3.17153e+00 -2.48140e+00 -3.86166e+00 -5.72705e+00 -5.57255e+00 -5.88155e+00
9.28000e+03 4.60000e+01 -3.25014e+00 -3.05947e+00 -3.44082e+00 -5.65412e+00 -5.50995e+00 -5.79829e+00
9.60000e+03 4.80000e+01 -2.71953e+00 -2.66420e+00 -2.77487e+00 -5.57611e+00 -5.44224e+00 -5.70999e+00
9.92000e+03 4.90000e+01 -2.83414e+00 -2.71518e+00 -2.95309e+00 -5.49345e+00 -5.36941e+00 -5.61749e+00
1.02400e+04 5.10000e+01 -3.00185e+00 -2.73637e+00 -3.26733e+00 -5.40663e+00 -5.29146e+00 -5.52181e+00
1.05600e+04 5.20000e+01 -2.99642e+00 -2.57968e+00 -3.41315e+00 -5.31619e+00 -5.20829e+00 -5.42408e+00
1.08800e+04 5.40000e+01 -2.67680e+00 -2.42648e+00 -2.92711e+00 -5.22267e+00 -5.11992e+00 -5.32543e+00
1.12000e+04 5.60000e+01 -2.94427e+00 -2.46061e+00 -3.42793e+00 -5.12667e+00 -5.02651e+00 -5.22682e+00
1.15200e+04 5.70000e+01 -2.79653e+00 -2.64552e+00 -2.94754e+00 -5.02877e+00 -4.92863e+00 -5.12891e+00
1.18400e+04 5.90000e+01 -2.74272e+00 -2.49591e+00 -2.98952e+00 -4.92955e+00 -4.82720e+00 -5.03190e+00
1.21600e+04 6.00000e+01 -2.73218e+00 -2.50534e+00 -2.95902e+00 -4.82960e+00 -4.72341e+00 -4.93578e+00
1.24800e+04 6.20000e+01 -2.65942e+00 -2.45505e+00 -2.86379e+00 -4.72947e+00 -4.61855e+00 -4.84040e+00
1.28000e+04 6.40000e+01 -2.49515e+00 -2.36553e+00 -2.62477e+00 -4.62970e+00 -4.51377e+00 -4.74563e+00
1.31200e+04 6.50000e+01 -2.49927e+00 -2.34957e+00 -2.64897e+00 -4.53079e+00 -4.41011e+00 -4.65147e+00
1.34400e+04 6.70000e+01 -2.82664e+00 -2.65869e+00 -2.99460e+00 -4.43319e+00 -4.30833e+00 -4.55804e+00
1.37600e+04 6.80000e+01 -2.62728e+00 -2.54477e+00 -2.70980e+00 -4.33732e+00 -4.20905e+00 -4.46559e+00
1.40800e+04 7.00000e+01 -2.67642e+00 -2.48409e+00 -2.86876e+00 -4.24354e+00 -4.11265e+00 -4.37443e+00
1.44000e+04 7.20000e+01 -2.52820e+00 -2.41312e+00 -2.64328e+00 -4.15217e+00 -4.01938e+00 -4.28495e+00
1.47200e+04 7.30000e+01 -2.70658e+00 -2.37871e+00 -3.03446e+00 -4.06346e+00 -3.92939e+00 -4.19753e+00
1.50400e+04 7.50000e+01 -2.30110e+00 -2.26252e+00 -2.33968e+00 -3.97759e+00 -3.84267e+00 -4.11252e+00
1.53600e+04 7.60000e+01 -2.57627e+00 -2.41438e+00 -2.73816e+00 -3.89472e+00 -3.75920e+00 -4.03023e+00
1.56800e+04 7.80000e+01 -2.45142e+00 -2.25390e+00 -2.64895e+00 -3.81490e+00 -3.67891e+00 -3.95089e+00
1.60000e+04 8.00000e+01 -2.65639e+00 -2.38451e+00 -2.92826e+00 -3.73818e+00 -3.60174e+00 -3.87461e+00
1.63200e+04 8.10000e+01 -2.52214e+00 -2.40481e+00 -2.63946e+00 -3.66455e+00 -3.52762e+00 -3.80147e+00
1.66400e+04 8.30000e+01 -2.52376e+00 -2.23759e+00 -2.80993e+00 -3.59397e+00 -3.45652e+00 -3.73141e+00
1.69600e+04 8.40000e+01 -2.73828e+00 -2.42905e+00 -3.04751e+00 -3.52640e+00 -3.38844e+00 -3.66437e+00
1.72800e+04 8.60000e+01 -2.39161e+00 -2.19153e+00 -2.59168e+00 -3.46179e+00 -3.32337e+00 -3.60021e+00
1.76000e+04 8.80000e+01 -2.47868e+00 -2.35759e+00 -2.59977e+00 -3.40006e+00 -3.26132e+00 -3.53880e+00
1.79200e+04 8.90000e+01 -2.63232e+00 -2.21164e+00 -3.05299e+00 -3.34116e+00 -3.20231e+00 -3.48001e+00
1.82400e+04 9.10000e+01 -2.37512e+00 -2.30338e+00 -2.44686e+00 -3.28502e+00 -3.14632e+00 -3.42372e+00
1.85600e+04 9.20000e+01 -2.51370e+00 -2.31297e+00 -2.71443e+00 -3.23157e+00 -3.09331e+00 -3.36984e+00
1.88800e+04 9.40000e+01 -2.30059e+00 -2.08113e+00 -2.52006e+00 -3.18076e+00 -3.04325e+00 -3.31828e+00
1.92000e+04 9.60000e+01 -2.32790e+00 -2.04531e+00 -2.61049e+00 -3.13253e+00 -2.99604e+00 -3.26902e+00
1.95200e+04 9.70000e+01 -2.28255e+00 -2.11069e+00 -2.45441e+00 -3.08682e+00 -2.95161e+00 -3.22203e+00
1.98400e+04 9.90000e+01 -2.28387e+00 -2.09220e+00 -2.47553e+00 -3.04357e+00 -2.90983e+00 -3.17731e+00
2.01600e+04 1.00000e+02 -2.37381e+00 -2.30497e+00 -2.44265e+00 -3.00274e+00 -2.87059e+00 -3.13490e+00
2.04800e+04 1.02000e+02 -2.21245e+00 -2.13805e+00 -2.28685e+00 -2.96427e+00 -2.83374e+00 -3.09480e+00
2.08000e+04 1.04000e+02 -2.26701e+00 -2.18630e+00 -2.34771e+00 -2.92809e+00 -2.79913e+00 -3.05704e+00
2.11200e+04 1.05000e+02 -2.27619e+00 -2.15251e+00 -2.39988e+00 -2.89411e+00 -2.76662e+00 -3.02160e+00
2.14400e+04 1.07000e+02 -2.20437e+00 -2.08093e+00 -2.32782e+00 -2.86225e+00 -2.73604e+00 -2.98846e+00
2.17600e+04 1.08000e+02 -2.22151e+00 -2.15004e+00 -2.29298e+00 -2.83239e+00 -2.70724e+00 -2.95755e+00
2.20800e+04 1.10000e+02 -2.42064e+00 -2.15074e+00 -2.69053e+00 -2.80440e+00 -2.68004e+00 -2.92877e+00
2.24000e+04 1.12000e+02 -2.42525e+00 -2.17712e+00 -2.67338e+00 -2.77813e+00 -2.65429e+00 -2.90197e+00
2.27200e+04 1.13000e+02 -2.32174e+00 -2.02753e+00 -2.61595e+00 -2.75342e+00 -2.62983e+00 -2.87701e+00
2.30400e+04 1.15000e+02 -2.32696e+00 -2.14775e+00 -2.50617e+00 -2.73009e+00 -2.60650e+00 -2.85368e+00
2.33600e+04 1.16000e+02 -2.36524e+00 -2.22473e+00 -2.50575e+00 -2.70795e+00 -2.58414e+00 -2.83176e+00
2.36800e+04 1.18000e+02 -2.17939e+00 -2.13949e+00 -2.21930e+00 -2.68685e+00 -2.56264e+00 -2.81106e+00
2.40000e+04 1.20000e+02 -1.99457e+00 -1.85602e+00 -2.13312e+00 -2.66659e+00 -2.54184e+00 -2.79133e+00
2.43200e+04 1.21000e+02 -2.27579e+00 -2.11916e+00 -2.43242e+00 -2.64703e+00 -2.52166e+00 -2.77239e+00
2.46400e+04 1.23000e+02 -2.14964e+00 -2.10316e+00 -2.19612e+00 -2.62803e+00 -2.50200e+00 -2.75407e+00
2.49600e+04 1.24000e+02 -2.08719e+00 -1.89511e+00 -2.27927e+00 -2.60950e+00 -2.48278e+00 -2.73621e+00
2.52800e+04 1.26000e+02 -2.21439e+00 -2.06962e+00 -2.35915e+00 -2.59135e+00 -2.46397e+00 -2.71874e+00
2.56000e+04 1.28000e+02 -2.15770e+00 -2.05961e+00 -2.25580e+00 -2.57354e+00 -2.44551e+00 -2.70158e+00
2.59200e+04 1.29000e+02 -2.00865e+00 -1.93832e+00 -2.07898e+00 -2.55606e+00 -2.42741e+00 -2.68471e+00
2.62400e+04 1.31000e+02 -2.06604e+00 -1.93279e+00 -2.19929e+00 -2.53889e+00 -2.40966e+00 -2.66812e+00
2.65600e+04 1.32000e+02 -2.13021e+00 -1.99324e+00 -2.26717e+00 -2.52205e+00 -2.39228e+00 -2.65182e+00
2.68800e+04 1.34000e+02 -2.14190e+00 -2.04789e+00 -2.23591e+00 -2.50555e+00 -2.37528e+00 -2.63581e+00
2.72000e+04 1.36000e+02 -2.10556e+00 -1.96399e+00 -2.24713e+00 -2.48939e+00 -2.35869e+00 -2.62010e+00
2.75200e+04 1.37000e+02 -2.14754e+00 -1.91617e+00 -2.37891e+00 -2.47359e+00 -2.34252e+00 -2.60466e+00
2.78400e+04 1.39000e+02 -2.01162e+00 -1.86521e+00 -2.15803e+00 -2.45815e+00 -2.32681e+00 -2.58950e+00
2.81600e+04 1.40000e+02 -2.07353e+00 -1.97610e+00 -2.17096e+00 -2.44305e+00 -2.31155e+00 -2.57456e+00
2.84800e+04 1.42000e+02 -2.06565e+00 -1.86660e+00 -2.26470e+00 -2.42828e+00 -2.29675e+00 -2.55982e+00
2.88000e+04 1.44000e+02 -1.95879e+00 -1.89898e+00 -2.01859e+00 -2.41383e+00 -2.28242e+00 -2.54524e+00
2.91200e+04 1.45000e+02 -2.03402e+00 -1.91222e+00 -2.15581e+00 -2.39965e+00 -2.26853e+00 -2.53077e+00
2.94400e+04 1.47000e+02 -2.15506e+00 -2.09854e+00 -2.21159e+00 -2.38574e+00 -2.25509e+00 -2.51639e+00
2.97600e+04 1.48000e+02 -2.05600e+00 -1.91993e+00 -2.19206e+00 -2.37207e+00 -2.24207e+00 -2.50208e+00
3.00800e+04 1.50000e+02 -2.12574e+00 -1.84358e+00 -2.40790e+00 -2.35864e+00 -2.22946e+00 -2.48781e+00
3.04000e+04 1.52000e+02 -2.01887e+00 -1.94534e+00 -2.09240e+00 -2.34541e+00 -2.21723e+00 -2.47360e+00
3.07200e+04 1.53000e+02 -1.99500e+00 -1.93365e+00 -2.05636e+00 -2.33240e+00 -2.20536e+00 -2.45945e+00
3.10400e+04 1.55000e+02 -2.07503e+00 -2.00144e+00 -2.14862e+00 -2.31960e+00 -2.19383e+00 -2.44537e+00
3.13600e+04 1.56000e+02 -2.12621e+00 -1.87427e+00 -2.37814e+00 -2.30700e+00 -2.18261e+00 -2.43139e+00
3.16800e+04 1.58000e+02 -2.02881e+00 -1.90910e+00 -2.14853e+00 -2.29460e+00 -2.17167e+00 -2.41753e+00
3.20000e+04 1.60000e+02 -1.93028e+00 -1.76817e+00 -2.09238e+00 -2.28240e+00 -2.16101e+00 -2.40380e+00
3.23200e+04 1.61000e+02 -1.92080e+00 -1.77466e+00 -2.06695e+00 -2.27041e+00 -2.15060e+00 -2.39023e+00
3.26400e+04 1.63000e+02 -2.03483e+00 -1.90324e+00 -2.16642e+00 -2.25863e+00 -2.14043e+00 -2.37683e+00
3.29600e+04 1.64000e+02 -1.88572e+00 -1.69370e+00 -2.07774e+00 -2.24708e+00 -2.13051e+00 -2.36365e+00
3.32800e+04 1.66000e+02 -2.02148e+00 -1.76550e+00 -2.27747e+00 -2.23577e+00 -2.12085e+00 -2.35069e+00
3.36000e+04 1.68000e+02 -2.01690e+00 -1.85424e+00 -2.17955e+00 -2.22472e+00 -2.11145e+00 -2.33799e+00
3.39200e+04 1.69000e+02 -1.93974e+00 -1.81082e+00 -2.06867e+00 -2.21396e+00 -2.10234e+00 -2.32558e+00
3.42400e+04 1.71000e+02 -1.96085e+00 -1.82260e+00 -2.09910e+00 -2.20351e+00 -2.09352e+00 -2.31350e+00
3.45600e+04 1.72000e+02 -2.04191e+00 -1.92958e+00 -2.15424e+00 -2.19338e+00 -2.08500e+00 -2.30177e+00
3.48800e+04 1.74000e+02 -2.04409e+00 -1.92626e+00 -2.16192e+00 -2.18358e+00 -2.07676e+00 -2.29040e+00
3.52000e+04 1.76000e+02 -1.95608e+00 -1.76863e+00 -2.14353e+00 -2.17410e+00 -2.06878e+00 -2.27942e+00
3.55200e+04 1.77000e+02 -1.86529e+00 -1.68656e+00 -2.04402e+00 -2.16493e+00 -2.06103e+00 -2.26882e+00
3.58400e+04 1.79000e+02 -1.96675e+00 -1.80071e+00 -2.13278e+00 -2.15603e+00 -2.05347e+00 -2.25860e+00
3.61600e+04 1.80000e+02 -1.87883e+00 -1.70233e+00 -2.05532e+00 -2.14739e+00 -2.04606e+00 -2.24873e+00
3.64800e+04 1.82000e+02 -1.85373e+00 -1.73368e+00 -1.97378e+00 -2.13898e+00 -2.03874e+00 -2.23921e+00
3.68000e+04 1.84000e+02 -1.83076e+00 -1.72836e+00 -1.93317e+00 -2.13075e+00 -2.03148e+00 -2.23003e+00
3.71200e+04 1.85000e+02 -1.92852e+00 -1.73330e+00 -2.12375e+00 -2.12269e+00 -2.02423e+00 -2.22115e+00
3.74400e+04 1.87000e+02 -1.77152e+00 -1.73528e+00 -1.80775e+00 -2.11477e+00 -2.01698e+00 -2.21256e+00
3.77600e+04 1.88000e+02 -1.81731e+00 -1.69144e+00 -1.94318e+00 -2.10697e+00 -2.00969e+00 -2.20424e+00
3.80800e+04 1.90000e+02 -1.88558e+00 -1.80688e+00 -1.96428e+00 -2.09925e+00 -2.00234e+00 -2.19616e+00
3.84000e+04 1.92000e+02 -1.91270e+00 -1.81090e+00 -2.01450e+00 -2.09161e+00 -1.99492e+00 -2.18829e+00
3.87200e+04 1.93000e+02 -1.79033e+00 -1.69787e+00 -1.88279e+00 -2.08401e+00 -1.98742e+00 -2.18061e+00
3.90400e+04 1.95000e+02 -1.86786e+00 -1.80281e+00 -1.93291e+00 -2.07644e+00 -1.97980e+00 -2.17308e+00
3.93600e+04 1.96000e+02 -1.83497e+00 -1.74950e+00 -1.92045e+00 -2.06886e+00 -1.97206e+00 -2.16567e+00
3.96800e+04 1.98000e+02 -1.78323e+00 -1.76062e+00 -1.80583e+00 -2.06126e+00 -1.96418e+00 -2.15834e+00
4.00000e+04 2.00000e+02 -1.63828e+00 -1.59438e+00 -1.68219e+00 -2.05361e+00 -1.95617e+00 -2.15104e+00
4.03200e+04 2.01000e+02 -1.76013e+00 -1.71755e+00 -1.80271e+00 -2.04588e+00 -1.94801e+00 -2.14374e+00
4.06400e+04 2.03000e+02 -1.76355e+00 -1.64554e+00 -1.88156e+00 -2.03805e+00 -1.93974e+00 -2.13636e+00
4.09600e+04 2.04000e+02 -1.83959e+00 -1.77407e+00 -1.90511e+00 -2.03011e+00 -1.93135e+00 -2.12886e+00
4.12800e+04 2.06000e+02 -1.73437e+00 -1.61997e+00 -1.84877e+00 -2.02204e+00 -1.92291e+00 -2.12118e+00
4.16000e+04 2.08000e+02 -1.69653e+00 -1.62644e+00 -1.76662e+00 -2.01384e+00 -1.91442e+00 -2.11326e+00
4.19200e+04 2.09000e+02 -1.74837e+00 -1.66777e+00 -1.82897e+00 -2.00553e+00 -1.90597e+00 -2.10509e+00
4.22400e+04 2.11000e+02 -1.74584e+00 -1.69906e+00 -1.79262e+00 -1.99708e+00 -1.89756e+00 -2.09661e+00
4.25600e+04 2.12000e+02 -1.70088e+00 -1.56089e+00 -1.84087e+00 -1.98853e+00 -1.88926e+00 -2.08781e+00
4.28800e+04 2.14000e+02 -1.77316e+00 -1.69081e+00 -1.85552e+00 -1.97989e+00 -1.88109e+00 -2.07869e+00
4.32000e+04 2.16000e+02 -1.73872e+00 -1.69526e+00 -1.78218e+00 -1.97117e+00 -1.87308e+00 -2.06925e+00
4.35200e+04 2.17000e+02 -1.83542e+00 -1.72953e+00 -1.94131e+00 -1.96238e+00 -1.86526e+00 -2.05951e+00
4.38400e+04 2.19000e+02 -1.68143e+00 -1.59239e+00 -1.77046e+00 -1.95356e+00 -1.85762e+00 -2.04951e+00
4.41600e+04 2.20000e+02 -1.74354e+00 -1.62447e+00 -1.86261e+00 -1.94473e+00 -1.85019e+00 -2.03927e+00
4.44800e+04 2.22000e+02 -1.74047e+00 -1.72493e+00 -1.75601e+00 -1.93590e+00 -1.84296e+00 -2.02885e+00
4.48000e+04 2.24000e+02 -1.70117e+00 -1.62789e+00 -1.77446e+00 -1.92709e+00 -1.83592e+00 -2.01827e+00
4.51200e+04 2.25000e+02 -1.68703e+00 -1.59064e+00 -1.78342e+00 -1.91833e+00 -1.82908e+00 -2.00759e+00
4.54400e+04 2.27000e+02 -1.70729e+00 -1.65326e+00 -1.76132e+00 -1.90963e+00 -1.82241e+00 -1.99686e+00
4.57600e+04 2.28000e+02 -1.68743e+00 -1.60681e+00 -1.76805e+00 -1.90101e+00 -1.81591e+00 -1.98611e+00
4.60800e+04 2.30000e+02 -1.70319e+00 -1.63251e+00 -1.77386e+00 -1.89248e+00 -1.80958e+00 -1.97538e+00
4.64000e+04 2.32000e+02 -1.68800e+00 -1.53127e+00 -1.84474e+00 -1.88406e+00 -1.80339e+00 -1.96473e+00
4.67200e+04 2.33000e+02 -1.70308e+00 -1.67340e+00 -1.73276e+00 -1.87577e+00 -1.79734e+00 -1.95419e+00
4.70400e+04 2.35000e+02 -1.66434e+00 -1.53882e+00 -1.78986e+00 -1.86761e+00 -1.79142e+00 -1.94381e+00
4.73600e+04 2.36000e+02 -1.65651e+00 -1.56439e+00 -1.74863e+00 -1.85963e+00 -1.78563e+00 -1.93362e+00
4.76800e+04 2.38000e+02 -1.69881e+00 -1.64628e+00 -1.75133e+00 -1.85181e+00 -1.77996e+00 -1.92367e+00
4.80000e+04 2.40000e+02 -1.64536e+00 -1.62276e+00 -1.66796e+00 -1.84419e+00 -1.77442e+00 -1.91397e+00
4.83200e+04 2.41000e+02 -1.66878e+00 -1.57060e+00 -1.76695e+00 -1.83677e+00 -1.76897e+00 -1.90456e+00
4.86400e+04 2.43000e+02 -1.62269e+00 -1.53203e+00 -1.71334e+00 -1.82955e+00 -1.76362e+00 -1.89548e+00
4.89600e+04 2.44000e+02 -1.65182e+00 -1.54883e+00 -1.75481e+00 -1.82254e+00 -1.75835e+00 -1.88673e+00
4.92800e+04 2.46000e+02 -1.64323e+00 -1.52695e+00 -1.75951e+00 -1.81573e+00 -1.75314e+00 -1.87833e+00
4.96000e+04 2.48000e+02 -1.61039e+00 -1.57000e+00 -1.65077e+00 -1.80913e+00 -1.74795e+00 -1.87030e+00
4.99200e+04 2.49000e+02 -1.72999e+00 -1.68019e+00 -1.77980e+00 -1.80271e+00 -1.74279e+00 -1.86264e+00
5.02400e+04 2.51000e+02 -1.75330e+00 -1.66248e+00 -1.84412e+00 -1.79647e+00 -1.73760e+00 -1.85534e+00
5.05600e+04 2.52000e+02 -1.65930e+00 -1.62611e+00 -1.69249e+00 -1.79037e+00 -1.73236e+00 -1.84838e+00
5.08800e+04 2.54000e+02 -1.62595e+00 -1.57497e+00 -1.67692e+00 -1.78441e+00 -1.72707e+00 -1.84176e+00
5.12000e+04 2.56000e+02 -1.57826e+00 -1.55410e+00 -1.60241e+00 -1.77857e+00 -1.72170e+00 -1.83544e+00
5.15200e+04 2.57000e+02 -1.59062e+00 -1.53158e+00 -1.64966e+00 -1.77284e+00 -1.71625e+00 -1.82942e+00
5.18400e+04 2.59000e+02 -1.65901e+00 -1.60515e+00 -1.71287e+00 -1.76719e+00 -1.71071e+00 -1.82366e+00
5.21600e+04 2.60000e+02 -1.63914e+00 -1.50288e+00 -1.77541e+00 -1.76162e+00 -1.70508e+00 -1.81817e+00
5.24800e+04 2.62000e+02 -1.60942e+00 -1.52611e+00 -1.69273e+00 -1.75614e+00 -1.69938e+00 -1.81290e+00
5.28000e+04 2.64000e+02 -1.60300e+00 -1.47321e+00 -1.73279e+00 -1.75076e+00 -1.69364e+00 -1.80789e+00
5.31200e+04 2.65000e+02 -1.61382e+00 -1.49406e+00 -1.73359e+00 -1.74548e+00 -1.68786e+00 -1.80310e+00
5.34400e+04 2.67000e+02 -1.64447e+00 -1.46957e+00 -1.81938e+00 -1.74031e+00 -1.68208e+00 -1.79855e+00
5.37600e+04 2.68000e+02 -1.61394e+00 -1.52751e+00 -1.70038e+00 -1.73528e+00 -1.67634e+00 -1.79422e+00
5.40800e+04 2.70000e+02 -1.63571e+00 -1.54503e+00 -1.72639e+00 -1.73037e+00 -1.67065e+00 -1.79010e+00
5.44000e+04 2.72000e+02 -1.56050e+00 -1.44582e+00 -1.67519e+00 -1.72561e+00 -1.66506e+00 -1.78617e+00
5.47200e+04 2.73000e+02 -1.58267e+00 -1.46212e+00 -1.70322e+00 -1.72099e+00 -1.65957e+00 -1.78242e+00
5.50400e+04 2.75000e+02 -1.65243e+00 -1.56598e+00 -1.73888e+00 -1.71650e+00 -1.65419e+00 -1.77881e+00
5.53600e+04 2.76000e+02 -1.62396e+00 -1.55923e+00 -1.68869e+00 -1.71213e+00 -1.64892e+00 -1.77533e+00
5.56800e+04 2.78000e+02 -1.56552e+00 -1.37431e+00 -1.75673e+00 -1.70786e+00 -1.64375e+00 -1.77197e+00
5.60000e+04 2.80000e+02 -1.66546e+00 -1.64813e+00 -1.68278e+00 -1.70367e+00 -1.63865e+00 -1.76869e+00
5.63200e+04 2.81000e+02 -1.58568e+00 -1.48203e+00 -1.68932e+00 -1.69955e+00 -1.63360e+00 -1.76550e+00
5.66400e+04 2.83000e+02 -1.65824e+00 -1.62134e+00 -1.69514e+00 -1.69546e+00 -1.62856e+00 -1.76237e+00
5.69600e+04 2.84000e+02 -1.61591e+00 -1.54618e+00 -1.68564e+00 -1.69140e+00 -1.62351e+00 -1.75929e+00
5.72800e+04 2.86000e+02 -1.58743e+00 -1.41780e+00 -1.75705e+00 -1.68734e+00 -1.61841e+00 -1.75628e+00
5.76000e+04 2.88000e+02 -1.64453e+00 -1.55965e+00 -1.72941e+00 -1.68328e+00 -1.61325e+00 -1.75332e+00
5.79200e+04 2.89000e+02 -1.48453e+00 -1.39070e+00 -1.57836e+00 -1.67921e+00 -1.60801e+00 -1.75041e+00
5.82400e+04 2.91000e+02 -1.58344e+00 -1.46227e+00 -1.70461e+00 -1.67513e+00 -1.60271e+00 -1.74755e+00
5.85600e+04 2.92000e+02 -1.56548e+00 -1.47353e+00 -1.65744e+00 -1.67105e+00 -1.59734e+00 -1.74476e+00
5.88800e+04 2.94000e+02 -1.54310e+00 -1.44116e+00 -1.64505e+00 -1.66698e+00 -1.59193e+00 -1.74203e+00
5.92000e+04 2.96000e+02 -1.54881e+00 -1.51764e+00 -1.57997e+00 -1.66294e+00 -1.58650e+00 -1.73939e+00
5.95200e+04 2.97000e+02 -1.51677e+00 -1.32625e+00 -1.70730e+00 -1.65897e+00 -1.58109e+00 -1.73685e+00
5.98400e+04 2.99000e+02 -1.60523e+00 -1.57444e+00 -1.63602e+00 -1.65507e+00 -1.57574e+00 -1.73441e+00
6.01600e+04 3.00000e+02 -1.52712e+00 -1.44016e+00 -1.61407e+00 -1.65127e+00 -1.57046e+00 -1.73208e+00
6.04800e+04 3.02000e+02 -1.53665e+00 -1.48729e+00 -1.58600e+00 -1.64759e+00 -1.56532e+00 -1.72986e+00
6.08000e+04 3.04000e+02 -1.49570e+00 -1.42985e+00 -1.56155e+00 -1.64402e+00 -1.56030e+00 -1.72774e+00
6.11200e+04 3.05000e+02 -1.53766e+00 -1.44059e+00 -1.63473e+00 -1.64058e+00 -1.55544e+00 -1.72572e+00
6.14400e+04 3.07000e+02 -1.55508e+00 -1.49926e+00 -1.61089e+00 -1.63725e+00 -1.55074e+00 -1.72375e+00
6.17600e+04 3.08000e+02 -1.52008e+00 -1.45898e+00 -1.58119e+00 -1.63402e+00 -1.54620e+00 -1.72184e+00
6.20800e+04 3.10000e+02 -1.56534e+00 -1.50309e+00 -1.62760e+00 -1.63088e+00 -1.54181e+00 -1.71995e+00
6.24000e+04 3.12000e+02 -1.43237e+00 -1.29197e+00 -1.57277e+00 -1.62780e+00 -1.53756e+00 -1.71804e+00
6.27200e+04 3.13000e+02 -1.50934e+00 -1.40008e+00 -1.61860e+00 -1.62477e+00 -1.53345e+00 -1.71609e+00
6.30400e+04 3.15000e+02 -1.59961e+00 -1.55362e+00 -1.64560e+00 -1.62177e+00 -1.52947e+00 -1.71407e+00
6.33600e+04 3.16000e+02 -1.49068e+00 -1.45685e+00 -1.52450e+00 -1.61878e+00 -1.52562e+00 -1.71194e+00
6.36800e+04 3.18000e+02 -1.56198e+00 -1.42902e+00 -1.69493e+00 -1.61579e+00 -1.52188e+00 -1.70970e+00
6.40000e+04 3.20000e+02 -1.48610e+00 -1.37942e+00 -1.59279e+00 -1.61278e+00 -1.51826e+00 -1.70731e+00
6.43200e+04 3.21000e+02 -1.52583e+00 -1.41470e+00 -1.63696e+00 -1.60977e+00 -1.51478e+00 -1.70476e+00
6.46400e+04 3.23000e+02 -1.51992e+00 -1.37539e+00 -1.66445e+00 -1.60672e+00 -1.51141e+00 -1.70203e+00
6.49600e+04 3.24000e+02 -1.54204e+00 -1.39381e+00 -1.69027e+00 -1.60366e+00 -1.50817e+00 -1.69915e+00
6.52800e+04 3.26000e+02 -1.48107e+00 -1.37643e+00 -1.58571e+00 -1.60056e+00 -1.50506e+00 -1.69607e+00
6.56000e+04 3.28000e+02 -1.50325e+00 -1.44415e+00 -1.56236e+00 -1.59744e+00 -1.50205e+00 -1.69283e+00
6.59200e+04 3.29000e+02 -1.48505e+00 -1.44806e+00 -1.52203e+00 -1.59430e+00 -1.49917e+00 -1.68943e+00
6.62400e+04 3.31000e+02 -1.46401e+00 -1.41678e+00 -1.51124e+00 -1.59113e+00 -1.49637e+00 -1.68590e+00
6.65600e+04 3.32000e+02 -1.49415e+00 -1.45297e+00 -1.53534e+00 -1.58794e+00 -1.49366e+00 -1.68223e+00
6.68800e+04 3.34000e+02 -1.45271e+00 -1.33920e+00 -1.56622e+00 -1.58474e+00 -1.49102e+00 -1.67846e+00
6.72000e+04 3.36000e+02 -1.47860e+00 -1.28222e+00 -1.67498e+00 -1.58152e+00 -1.48842e+00 -1.67461e+00
6.75200e+04 3.37000e+02 -1.47016e+00 -1.37526e+00 -1.56507e+00 -1.57828e+00 -1.48585e+00 -1.67071e+00
6.78400e+04 3.39000e+02 -1.43429e+00 -1.32278e+00 -1.54580e+00 -1.57503e+00 -1.48328e+00 -1.66678e+00
6.81600e+04 3.40000e+02 -1.47877e+00 -1.30840e+00 -1.64915e+00 -1.57177e+00 -1.48071e+00 -1.66283e+00
6.84800e+04 3.42000e+02 -1.45339e+00 -1.29658e+00 -1.61021e+00 -1.56850e+00 -1.47810e+00 -1.65889e+00
6.88000e+04 3.44000e+02 -1.47600e+00 -1.26617e+00 -1.68583e+00 -1.56521e+00 -1.47546e+00 -1.65497e+00
6.91200e+04 3.45000e+02 -1.45512e+00 -1.31997e+00 -1.59026e+00 -1.56190e+00 -1.47274e+00 -1.65106e+00
6.94400e+04 3.47000e+02 -1.49637e+00 -1.45752e+00 -1.53522e+00 -1.55857e+00 -1.46997e+00 -1.64717e+00
6.97600e+04 3.48000e+02 -1.44165e+00 -1.36869e+00 -1.51461e+00 -1.55520e+00 -1.46712e+00 -1.64328e+00
7.00800e+04 3.50000e+02 -1.48303e+00 -1.37389e+00 -1.59216e+00 -1.55180e+00 -1.46419e+00 -1.63941e+00
7.04000e+04 3.52000e+02 -1.45671e+00 -1.32177e+00 -1.59164e+00 -1.54834e+00 -1.46114e+00 -1.63555e+00
7.07200e+04 3.53000e+02 -1.47672e+00 -1.30070e+00 -1.65275e+00 -1.54483e+00 -1.45796e+00 -1.63169e+00
7.10400e+04 3.55000e+02 -1.38467e+00 -1.22536e+00 -1.54398e+00 -1.54125e+00 -1.45465e+00 -1.62786e+00
7.13600e+04 3.56000e+02 -1.45076e+00 -1.33855e+00 -1.56297e+00 -1.53761e+00 -1.45117e+00 -1.62405e+00
7.16800e+04 3.58000e+02 -1.40975e+00 -1.32972e+00 -1.48977e+00 -1.53390e+00 -1.44751e+00 -1.62029e+00
7.20000e+04 3.60000e+02 -1.37372e+00 -1.30508e+00 -1.44235e+00 -1.53013e+00 -1.44366e+00 -1.61660e+00
7.23200e+04 3.61000e+02 -1.48087e+00 -1.33817e+00 -1.62357e+00 -1.52631e+00 -1.43961e+00 -1.61302e+00
7.26400e+04 3.63000e+02 -1.40910e+00 -1.29090e+00 -1.52730e+00 -1.52246e+00 -1.43537e+00 -1.60954e+00
7.29600e+04 3.64000e+02 -1.46303e+00 -1.38801e+00 -1.53805e+00 -1.51858e+00 -1.43096e+00 -1.60621e+00
7.32800e+04 3.66000e+02 -1.38273e+00 -1.21791e+00 -1.54756e+00 -1.51471e+00 -1.42639e+00 -1.60304e+00
7.36000e+04 3.68000e+02 -1.40510e+00 -1.31531e+00 -1.49488e+00 -1.51087e+00 -1.42169e+00 -1.60004e+00
7.39200e+04 3.69000e+02 -1.40073e+00 -1.25647e+00 -1.54500e+00 -1.50707e+00 -1.41691e+00 -1.59723e+00
7.42400e+04 3.71000e+02 -1.41854e+00 -1.31622e+00 -1.52086e+00 -1.50332e+00 -1.41205e+00 -1.59460e+00
7.45600e+04 3.72000e+02 -1.39413e+00 -1.26172e+00 -1.52655e+00 -1.49965e+00 -1.40715e+00 -1.59215e+00
7.48800e+04 3.74000e+02 -1.39167e+00 -1.25398e+00 -1.52936e+00 -1.49605e+00 -1.40224e+00 -1.58987e+00
7.52000e+04 3.76000e+02 -1.42110e+00 -1.30013e+00 -1.54207e+00 -1.49253e+00 -1.39733e+00 -1.58773e+00
7.55200e+04 3.77000e+02 -1.37362e+00 -1.23253e+00 -1.51471e+00 -1.48908e+00 -1.39246e+00 -1.58570e+00
7.58400e+04 3.79000e+02 -1.46293e+00 -1.38968e+00 -1.53619e+00 -1.48570e+00 -1.38763e+00 -1.58377e+00
7.61600e+04 3.80000e+02 -1.37974e+00 -1.26743e+00 -1.49204e+00 -1.48237e+00 -1.38287e+00 -1.58188e+00
7.64800e+04 3.82000e+02 -1.39800e+00 -1.31963e+00 -1.47636e+00 -1.47909e+00 -1.37817e+00 -1.58002e+00
7.68000e+04 3.84000e+02 -1.38237e+00 -1.31689e+00 -1.44784e+00 -1.47586e+00 -1.37357e+00 -1.57814e+00
7.71200e+04 3.85000e+02 -1.41023e+00 -1.25643e+00 -1.56404e+00 -1.47264e+00 -1.36906e+00 -1.57623e+00
7.74400e+04 3.87000e+02 -1.36956e+00 -1.25970e+00 -1.47941e+00 -1.46946e+00 -1.36465e+00 -1.57426e+00
7.77600e+04 3.88000e+02 -1.40967e+00 -1.27197e+00 -1.54737e+00 -1.46629e+00 -1.36035e+00 -1.57223e+00
7.80800e+04 3.90000e+02 -1.40931e+00 -1.30964e+00 -1.50897e+00 -1.46314e+00 -1.35615e+00 -1.57013e+00
7.84000e+04 3.92000e+02 -1.37459e+00 -1.32271e+00 -1.42648e+00 -1.46001e+00 -1.35208e+00 -1.56795e+00
7.87200e+04 3.93000e+02 -1.35657e+00 -1.22290e+00 -1.49024e+00 -1.45692e+00 -1.34813e+00 -1.56571e+00
7.90400e+04 3.95000e+02 -1.35482e+00 -1.26365e+00 -1.44598e+00 -1.45386e+00 -1.34431e+00 -1.56341e+00
7.93600e+04 3.96000e+02 -1.31049e+00 -1.20361e+00 -1.41736e+00 -1.45084e+00 -1.34062e+00 -1.56107e+00
7.96800e+04 3.98000e+02 -1.31418e+00 -1.19050e+00 -1.43786e+00 -1.44789e+00 -1.33708e+00 -1.55870e+00
8.00000e+04 4.00000e+02 -1.35457e+00 -1.27312e+00 -1.43601e+00 -1.44499e+00 -1.33367e+00 -1.55631e+00
8.03200e+04 4.01000e+02 -1.33348e+00 -1.22559e+00 -1.44136e+00 -1.44217e+00 -1.33043e+00 -1.55391e+00
8.06400e+04 4.03000e+02 -1.35300e+00 -1.24102e+00 -1.46499e+00 -1.43942e+00 -1.32732e+00 -1.55153e+00
8.09600e+04 4.04000e+02 -1.31779e+00 -1.20579e+00 -1.42978e+00 -1.43676e+00 -1.32436e+00 -1.54915e+00
8.12800e+04 4.06000e+02 -1.33702e+00 -1.22698e+00 -1.44706e+00 -1.43416e+00 -1.32153e+00 -1.54678e+00
8.16000e+04 4.08000e+02 -1.32462e+00 -1.25093e+00 -1.39830e+00 -1.43163e+00 -1.31883e+00 -1.54442e+00
8.19200e+04 4.09000e+02 -1.30021e+00 -1.14107e+00 -1.45935e+00 -1.42915e+00 -1.31625e+00 -1.54204e+00
8.22400e+04 4.11000e+02 -1.34685e+00 -1.27804e+00 -1.41566e+00 -1.42670e+00 -1.31376e+00 -1.53964e+00
8.25600e+04 4.12000e+02 -1.32460e+00 -1.22647e+00 -1.42272e+00 -1.42426e+00 -1.31133e+00 -1.53719e+00
8.28800e+04 4.14000e+02 -1.33937e+00 -1.27183e+00 -1.40692e+00 -1.42181e+00 -1.30896e+00 -1.53466e+00
8.32000e+04 4.16000e+02 -1.32307e+00 -1.25641e+00 -1.38974e+00 -1.41931e+00 -1.30660e+00 -1.53203e+00
8.35200e+04 4.17000e+02 -1.34517e+00 -1.23785e+00 -1.45249e+00 -1.41675e+00 -1.30424e+00 -1.52926e+00
8.38400e+04 4.19000e+02 -1.32340e+00 -1.23601e+00 -1.41080e+00 -1.41411e+00 -1.30186e+00 -1.52636e+00
8.41600e+04 4.20000e+02 -1.29989e+00 -1.23351e+00 -1.36627e+00 -1.41137e+00 -1.29944e+00 -1.52329e+00
8.44800e+04 4.22000e+02 -1.34417e+00 -1.27988e+00 -1.40847e+00 -1.40851e+00 -1.29697e+00 -1.52005e+00
8.48000e+04 4.24000e+02 -1.33009e+00 -1.26109e+00 -1.39909e+00 -1.40554e+00 -1.29444e+00 -1.51663e+00
8.51200e+04 4.25000e+02 -1.34001e+00 -1.25597e+00 -1.42405e+00 -1.40244e+00 -1.29183e+00 -1.51306e+00
8.54400e+04 4.27000e+02 -1.29528e+00 -1.21109e+00 -1.37946e+00 -1.39923e+00 -1.28915e+00 -1.50931e+00
8.57600e+04 4.28000e+02 -1.30951e+00 -1.20609e+00 -1.41293e+00 -1.39592e+00 -1.28641e+00 -1.50542e+00
8.60800e+04 4.30000e+02 -1.31870e+00 -1.24124e+00 -1.39617e+00 -1.39251e+00 -1.28362e+00 -1.50140e+00
8.64000e+04 4.32000e+02 -1.27490e+00 -1.21144e+00 -1.33835e+00 -1.38903e+00 -1.28079e+00 -1.49727e+00
8.67200e+04 4.33000e+02 -1.31432e+00 -1.19174e+00 -1.43690e+00 -1.38549e+00 -1.27793e+00 -1.49306e+00
8.70400e+04 4.35000e+02 -1.32597e+00 -1.25623e+00 -1.39572e+00 -1.38193e+00 -1.27508e+00 -1.48877e+00
8.73600e+04 4.36000e+02 -1.31184e+00 -1.21537e+00 -1.40830e+00 -1.37836e+00 -1.27227e+00 -1.48444e+00
8.76800e+04 4.38000e+02 -1.36040e+00 -1.27643e+00 -1.44437e+00 -1.37481e+00 -1.26952e+00 -1.48011e+00
8.80000e+04 4.40000e+02 -1.32170e+00 -1.23614e+00 -1.40727e+00 -1.37132e+00 -1.26685e+00 -1.47579e+00
8.83200e+04 4.41000e+02 -1.27055e+00 -1.19280e+00 -1.34829e+00 -1.36791e+00 -1.26430e+00 -1.47151e+00
8.86400e+04 4.43000e+02 -1.25982e+00 -1.19349e+00 -1.32614e+00 -1.36459e+00 -1.26189e+00 -1.46729e+00
8.89600e+04 4.44000e+02 -1.31739e+00 -1.20793e+00 -1.42685e+00 -1.36139e+00 -1.25964e+00 -1.46313e+00
8.92800e+04 4.46000e+02 -1.27752e+00 -1.19098e+00 -1.36406e+00 -1.35831e+00 -1.25756e+00 -1.45907e+00
8.96000e+04 4.48000e+02 -1.28360e+00 -1.19100e+00 -1.37620e+00 -1.35538e+00 -1.25565e+00 -1.45511e+00
8.99200e+04 4.49000e+02 -1.24362e+00 -1.18099e+00 -1.30624e+00 -1.35259e+00 -1.25393e+00 -1.45125e+00
9.02400e+04 4.51000e+02 -1.32203e+00 -1.28306e+00 -1.36100e+00 -1.34995e+00 -1.25239e+00 -1.44751e+00
9.05600e+04 4.52000e+02 -1.30759e+00 -1.21986e+00 -1.39533e+00 -1.34745e+00 -1.25101e+00 -1.44389e+00
9.08800e+04 4.54000e+02 -1.26582e+00 -1.18137e+00 -1.35026e+00 -1.34509e+00 -1.24980e+00 -1.44038e+00
9.12000e+04 4.56000e+02 -1.28957e+00 -1.22198e+00 -1.35715e+00 -1.34286e+00 -1.24871e+00 -1.43701e+00
9.15200e+04 4.57000e+02 -1.24967e+00 -1.17280e+00 -1.32654e+00 -1.34075e+00 -1.24776e+00 -1.43373e+00
9.18400e+04 4.59000e+02 -1.26512e+00 -1.14790e+00 -1.38234e+00 -1.33873e+00 -1.24689e+00 -1.43057e+00
9.21600e+04 4.60000e+02 -1.24647e+00 -1.16225e+00 -1.33070e+00 -1.33681e+00 -1.24610e+00 -1.42752e+00
9.24800e+04 4.62000e+02 -1.27945e+00 -1.22690e+00 -1.33201e+00 -1.33494e+00 -1.24535e+00 -1.42454e+00
9.28000e+04 4.64000e+02 -1.26913e+00 -1.22128e+00 -1.31697e+00 -1.33313e+00 -1.24462e+00 -1.42163e+00
9.31200e+04 4.65000e+02 -1.25098e+00 -1.16957e+00 -1.33238e+00 -1.33133e+00 -1.24390e+00 -1.41877e+00
9.34400e+04 4.67000e+02 -1.25418e+00 -1.15865e+00 -1.34972e+00 -1.32955e+00 -1.24314e+00 -1.41595e+00
9.37600e+04 4.68000e+02 -1.25255e+00 -1.18208e+00 -1.32302e+00 -1.32775e+00 -1.24235e+00 -1.41315e+00
9.40800e+04 4.70000e+02 -1.25868e+00 -1.17505e+00 -1.34230e+00 -1.32594e+00 -1.24152e+00 -1.41036e+00
9.44000e+04 4.72000e+02 -1.24843e+00 -1.18403e+00 -1.31283e+00 -1.32408e+00 -1.24060e+00 -1.40756e+00
9.47200e+04 4.73000e+02 -1.22928e+00 -1.14375e+00 -1.31480e+00 -1.32218e+00 -1.23961e+00 -1.40475e+00
9.50400e+04 4.75000e+02 -1.22652e+00 -1.14337e+00 -1.30968e+00 -1.32024e+00 -1.23853e+00 -1.40194e+00
9.53600e+04 4.76000e+02 -1.24133e+00 -1.18578e+00 -1.29688e+00 -1.31824e+00 -1.23736e+00 -1.39912e+00
9.56800e+04 4.78000e+02 -1.24219e+00 -1.18750e+00 -1.29688e+00 -1.31618e+00 -1.23608e+00 -1.39628e+00
9.60000e+04 4.80000e+02 -1.25295e+00 -1.16313e+00 -1.34277e+00 -1.31406e+00 -1.23469e+00 -1.39343e+00
9.63200e+04 4.81000e+02 -1.23613e+00 -1.16342e+00 -1.30884e+00 -1.31188e+00 -1.23319e+00 -1.39057e+00
9.66400e+04 4.83000e+02 -1.25455e+00 -1.16434e+00 -1.34476e+00 -1.30964e+00 -1.23158e+00 -1.38770e+00
9.69600e+04 4.84000e+02 -1.23437e+00 -1.18328e+00 -1.28546e+00 -1.30734e+00 -1.22984e+00 -1.38483e+00
9.72800e+04 4.86000e+02 -1.22853e+00 -1.15012e+00 -1.30694e+00 -1.30497e+00 -1.22801e+00 -1.38193e+00
9.76000e+04 4.88000e+02 -1.24502e+00 -1.17455e+00 -1.31549e+00 -1.30255e+00 -1.22606e+00 -1.37904e+00
9.79200e+04 4.89000e+02 -1.28986e+00 -1.23522e+00 -1.34450e+00 -1.30008e+00 -1.22403e+00 -1.37613e+00
9.82400e+04 4.91000e+02 -1.25184e+00 -1.21143e+00 -1.29224e+00 -1.29756e+00 -1.22190e+00 -1.37322e+00
9.85600e+04 4.92000e+02 -1.26046e+00 -1.19556e+00 -1.32537e+00 -1.29501e+00 -1.21970e+00 -1.37032e+00
9.88800e+04 4.94000e+02 -1.27513e+00 -1.24955e+00 -1.30070e+00 -1.29242e+00 -1.21744e+00 -1.36741e+00
9.92000e+04 4.96000e+02 -1.21627e+00 -1.13175e+00 -1.30079e+00 -1.28982e+00 -1.21513e+00 -1.36451e+00
9.95200e+04 4.97000e+02 -1.20354e+00 -1.16675e+00 -1.24033e+00 -1.28721e+00 -1.21279e+00 -1.36163e+00
9.98400e+04 4.99000e+02 -1.18702e+00 -1.09734e+00 -1.27671e+00 -1.28461e+00 -1.21044e+00 -1.35878e+00
1.00160e+05 5.00000e+02 -1.20959e+00 -1.17889e+00 -1.24030e+00 -1.28203e+00 -1.20810e+00 -1.35597e+00
1.00480e+05 5.02000e+02 -1.21552e+00 -1.14087e+00 -1.29017e+00 -1.27949e+00 -1.20578e+00 -1.35320e+00
1.00800e+05 5.04000e+02 -1.22258e+00 -1.17906e+00 -1.26611e+00 -1.27700e+00 -1.20349e+00 -1.35051e+00
1.01120e+05 5.05000e+02 -1.19769e+00 -1.11997e+00 -1.27542e+00 -1.27458e+00 -1.20127e+00 -1.34789e+00
1.01440e+05 5.07000e+02 -1.23777e+00 -1.15954e+00 -1.31600e+00 -1.27224e+00 -1.19913e+00 -1.34535e+00
1.01760e+05 5.08000e+02 -1.22285e+00 -1.16659e+00 -1.27911e+00 -1.27000e+00 -1.19711e+00 -1.34289e+00
1.02080e+05 5.10000e+02 -1.23751e+00 -1.18026e+00 -1.29476e+00 -1.26787e+00 -1.19522e+00 -1.34052e+00
1.02400e+05 5.12000e+02 -1.21876e+00 -1.14962e+00 -1.28790e+00 -1.26585e+00 -1.19346e+00 -1.33824e+00
1.02720e+05 5.13000e+02 -1.18829e+00 -1.13104e+00 -1.24553e+00 -1.26394e+00 -1.19186e+00 -1.33602e+00
1.03040e+05 5.15000e+02 -1.20938e+00 -1.15971e+00 -1.25905e+00 -1.26214e+00 -1.19042e+00 -1.33386e+00
1.03360e+05 5.16000e+02 -1.19808e+00 -1.16446e+00 -1.23171e+00 -1.26044e+00 -1.18912e+00 -1.33176e+00
1.03680e+05 5.18000e+02 -1.17438e+00 -1.12075e+00 -1.22801e+00 -1.25881e+00 -1.18794e+00 -1.32968e+00
1.04000e+05 5.20000e+02 -1.15348e+00 -1.09345e+00 -1.21352e+00 -1.25726e+00 -1.18690e+00 -1.32762e+00
1.04320e+05 5.21000e+02 -1.19491e+00 -1.13600e+00 -1.25381e+00 -1.25575e+00 -1.18594e+00 -1.32556e+00
1.04640e+05 5.23000e+02 -1.20095e+00 -1.13096e+00 -1.27095e+00 -1.25427e+00 -1.18505e+00 -1.32349e+00
1.04960e+05 5.24000e+02 -1.22385e+00 -1.17475e+00 -1.27294e+00 -1.25280e+00 -1.18420e+00 -1.32140e+00
1.05280e+05 5.26000e+02 -1.17952e+00 -1.11818e+00 -1.24086e+00 -1.25133e+00 -1.18338e+00 -1.31928e+00
1.05600e+05 5.28000e+02 -1.17172e+00 -1.11747e+00 -1.22598e+00 -1.24983e+00 -1.18255e+00 -1.31711e+00
1.05920e+05 5.29000e+02 -1.18231e+00 -1.10757e+00 -1.25705e+00 -1.24831e+00 -1.18171e+00 -1.31491e+00
1.06240e+05 5.31000e+02 -1.18484e+00 -1.12463e+00 -1.24505e+00 -1.24674e+00 -1.18082e+00 -1.31265e+00
1.06560e+05 5.32000e+02 -1.18683e+00 -1.11474e+00 -1.25892e+00 -1.24512e+00 -1.17989e+00 -1.31034e+00
1.06880e+05 5.34000e+02 -1.20574e+00 -1.12723e+00 -1.28426e+00 -1.24344e+00 -1.17890e+00 -1.30798e+00
1.07200e+05 5.36000e+02 -1.17322e+00 -1.09396e+00 -1.25247e+00 -1.24170e+00 -1.17785e+00 -1.30555e+00
1.07520e+05 5.37000e+02 -1.22577e+00 -1.13744e+00 -1.31410e+00 -1.23988e+00 -1.17671e+00 -1.30305e+00
1.07840e+05 5.39000e+02 -1.16791e+00 -1.11981e+00 -1.21601e+00 -1.23800e+00 -1.17551e+00 -1.30049e+00
1.08160e+05 5.40000e+02 -1.21101e+00 -1.15235e+00 -1.26966e+00 -1.23605e+00 -1.17423e+00 -1.29786e+00
1.08480e+05 5.42000e+02 -1.18961e+00 -1.15857e+00 -1.22065e+00 -1.23403e+00 -1.17289e+00 -1.29517e+00
1.08800e+05 5.44000e+02 -1.16923e+00 -1.11950e+00 -1.21896e+00 -1.23197e+00 -1.17150e+00 -1.29243e+00
1.09120e+05 5.45000e+02 -1.17885e+00 -1.13895e+00 -1.21875e+00 -1.22986e+00 -1.17007e+00 -1.28966e+00
1.09440e+05 5.47000e+02 -1.15011e+00 -1.09249e+00 -1.20772e+00 -1.22773e+00 -1.16858e+00 -1.28687e+00
1.09760e+05 5.48000e+02 -1.19101e+00 -1.14018e+00 -1.24184e+00 -1.22558e+00 -1.16708e+00 -1.28409e+00
1.10080e+05 5.50000e+02 -1.18198e+00 -1.10590e+00 -1.25806e+00 -1.22344e+00 -1.16555e+00 -1.28133e+00
1.10400e+05 5.52000e+02 -1.15567e+00 -1.11728e+00 -1.19405e+00 -1.22133e+00 -1.16402e+00 -1.27863e+00
1.10720e+05 5.53000e+02 -1.17109e+00 -1.10656e+00 -1.23561e+00 -1.21925e+00 -1.16249e+00 -1.27602e+00
1.11040e+05 5.55000e+02 -1.17262e+00 -1.10315e+00 -1.24210e+00 -1.21723e+00 -1.16096e+00 -1.27351e+00
1.11360e+05 5.56000e+02 -1.16558e+00 -1.10794e+00 -1.22322e+00 -1.21528e+00 -1.15944e+00 -1.27112e+00
1.11680e+05 5.58000e+02 -1.17329e+00 -1.10336e+00 -1.24322e+00 -1.21342e+00 -1.15796e+00 -1.26888e+00
1.12000e+05 5.60000e+02 -1.19143e+00 -1.11145e+00 -1.27140e+00 -1.21165e+00 -1.15651e+00 -1.26679e+00
1.12320e+05 5.61000e+02 -1.20223e+00 -1.11259e+00 -1.29187e+00 -1.20996e+00 -1.15509e+00 -1.26483e+00
1.12640e+05 5.63000e+02 -1.17108e+00 -1.10812e+00 -1.23403e+00 -1.20837e+00 -1.15371e+00 -1.26303e+00
1.12960e+05 5.64000e+02 -1.19720e+00 -1.12670e+00 -1.26769e+00 -1.20686e+00 -1.15238e+00 -1.26134e+00
1.13280e+05 5.66000e+02 -1.19800e+00 -1.12409e+00 -1.27192e+00 -1.20542e+00 -1.15108e+00 -1.25977e+00
1.13600e+05 5.68000e+02 -1.18746e+00 -1.10900e+00 -1.26593e+00 -1.20405e+00 -1.14981e+00 -1.25830e+00
1.13920e+05 5.69000e+02 -1.19741e+00 -1.13778e+00 -1.25704e+00 -1.20273e+00 -1.14858e+00 -1.25689e+00
1.14240e+05 5.71000e+02 -1.18047e+00 -1.09632e+00 -1.26462e+00 -1.20144e+00 -1.14735e+00 -1.25554e+00
1.14560e+05 5.72000e+02 -1.22122e+00 -1.17896e+00 -1.26347e+00 -1.20018e+00 -1.14613e+00 -1.25423e+00
1.14880e+05 5.74000e+02 -1.15591e+00 -1.07476e+00 -1.23707e+00 -1.19893e+00 -1.14491e+00 -1.25295e+00
1.15200e+05 5.76000e+02 -1.18098e+00 -1.12619e+00 -1.23577e+00 -1.19769e+00 -1.14368e+00 -1.25169e+00
1.15520e+05 5.77000e+02 -1.16875e+00 -1.09522e+00 -1.24229e+00 -1.19644e+00 -1.14242e+00 -1.25045e+00
1.15840e+05 5.79000e+02 -1.17578e+00 -1.11892e+00 -1.23265e+00 -1.19519e+00 -1.14115e+00 -1.24923e+00
1.16160e+05 5.80000e+02 -1.17701e+00 -1.12222e+00 -1.23180e+00 -1.19396e+00 -1.13986e+00 -1.24806e+00
1.16480e+05 5.82000e+02 -1.20202e+00 -1.14665e+00 -1.25739e+00 -1.19274e+00 -1.13854e+00 -1.24693e+00
1.16800e+05 5.84000e+02 -1.16138e+00 -1.11964e+00 -1.20312e+00 -1.19155e+00 -1.13722e+00 -1.24588e+00
1.17120e+05 5.85000e+02 -1.16989e+00 -1.08789e+00 -1.25190e+00 -1.19041e+00 -1.13590e+00 -1.24492e+00
1.17440e+05 5.87000e+02 -1.15354e+00 -1.08407e+00 -1.22301e+00 -1.18933e+00 -1.13459e+00 -1.24406e+00
1.17760e+05 5.88000e+02 -1.15011e+00 -1.07565e+00 -1.22458e+00 -1.18832e+00 -1.13331e+00 -1.24332e+00
1.18080e+05 5.90000e+02 -1.21489e+00 -1.16316e+00 -1.26662e+00 -1.18739e+00 -1.13207e+00 -1.24272e+00
1.18400e+05 5.92000e+02 -1.16001e+00 -1.08499e+00 -1.23503e+00 -1.18656e+00 -1.13088e+00 -1.24224e+00
1.18720e+05 5.93000e+02 -1.18505e+00 -1.10275e+00 -1.26734e+00 -1.18582e+00 -1.12975e+00 -1.24189e+00
1.19040e+05 5.95000e+02 -1.18134e+00 -1.10209e+00 -1.26060e+00 -1.18518e+00 -1.12870e+00 -1.24166e+00
1.19360e+05 5.96000e+02 -1.19105e+00 -1.11085e+00 -1.27124e+00 -1.18463e+00 -1.12772e+00 -1.24154e+00
1.19680e+05 5.98000e+02 -1.18169e+00 -1.10040e+00 -1.26299e+00 -1.18416e+00 -1.12681e+00 -1.24152e+00
1.20000e+05 6.00000e+02 -1.18414e+00 -1.13528e+00 -1.23300e+00 -1.18377e+00 -1.12598e+00 -1.24156e+00
1.20320e+05 6.01000e+02 -1.16304e+00 -1.11621e+00 -1.20988e+00 -1.18343e+00 -1.12521e+00 -1.24166e+00
1.20640e+05 6.03000e+02 -1.14172e+00 -1.06152e+00 -1.22192e+00 -1.18314e+00 -1.12450e+00 -1.24179e+00
1.20960e+05 6.04000e+02 -1.16070e+00 -1.07468e+00 -1.24672e+00 -1.18288e+00 -1.12383e+00 -1.24193e+00
1.21280e+05 6.06000e+02 -1.14978e+00 -1.07414e+00 -1.22543e+00 -1.18263e+00 -1.12320e+00 -1.24207e+00
1.21600e+05 6.08000e+02 -1.15840e+00 -1.08038e+00 -1.23642e+00 -1.18239e+00 -1.12259e+00 -1.24219e+00
1.21920e+05 6.09000e+02 -1.16269e+00 -1.06879e+00 -1.25658e+00 -1.18215e+00 -1.12199e+00 -1.24230e+00
1.22240e+05 6.11000e+02 -1.16801e+00 -1.07630e+00 -1.25972e+00 -1.18190e+00 -1.12141e+00 -1.24238e+00
1.22560e+05 6.12000e+02 -1.15020e+00 -1.08278e+00 -1.21762e+00 -1.18164e+00 -1.12082e+00 -1.24245e+00
1.22880e+05 6.14000e+02 -1.14646e+00 -1.08202e+00 -1.21089e+00 -1.18137e+00 -1.12022e+00 -1.24251e+00
1.23200e+05 6.16000e+02 -1.15011e+00 -1.09018e+00 -1.21005e+00 -1.18109e+00 -1.11962e+00 -1.24256e+00
1.23520e+05 6.17000e+02 -1.13842e+00 -1.07520e+00 -1.20164e+00 -1.18081e+00 -1.11899e+00 -1.24263e+00
1.23840e+05 6.19000e+02 -1.16054e+00 -1.07816e+00 -1.24292e+00 -1.18053e+00 -1.11835e+00 -1.24270e+00
1.24160e+05 6.20000e+02 -1.12283e+00 -1.07099e+00 -1.17468e+00 -1.18025e+00 -1.11770e+00 -1.24280e+00
1.24480e+05 6.22000e+02 -1.14793e+00 -1.05674e+00 -1.23912e+00 -1.17996e+00 -1.11700e+00 -1.24292e+00
1.24800e+05 6.24000e+02 -1.13256e+00 -1.07828e+00 -1.18684e+00 -1.17966e+00 -1.11627e+00 -1.24306e+00
1.25120e+05 6.25000e+02 -1.13038e+00 -1.04987e+00 -1.21090e+00 -1.17936e+00 -1.11550e+00 -1.24321e+00
1.25440e+05 6.27000e+02 -1.13950e+00 -1.05937e+00 -1.21964e+00 -1.17903e+00 -1.11468e+00 -1.24338e+00
1.25760e+05 6.28000e+02 -1.14903e+00 -1.04726e+00 -1.25080e+00 -1.17868e+00 -1.11381e+00 -1.24354e+00
1.26080e+05 6.30000e+02 -1.14258e+00 -1.05996e+00 -1.22520e+00 -1.17829e+00 -1.11288e+00 -1.24369e+00
1.26400e+05 6.32000e+02 -1.15657e+00 -1.09492e+00 -1.21822e+00 -1.17785e+00 -1.11190e+00 -1.24381e+00
1.26720e+05 6.33000e+02 -1.16462e+00 -1.08973e+00 -1.23951e+00 -1.17736e+00 -1.11086e+00 -1.24386e+00
1.27040e+05 6.35000e+02 -1.12519e+00 -1.06344e+00 -1.18694e+00 -1.17681e+00 -1.10976e+00 -1.24386e+00
1.27360e+05 6.36000e+02 -1.15211e+00 -1.08144e+00 -1.22279e+00 -1.17618e+00 -1.10860e+00 -1.24376e+00
1.27680e+05 6.38000e+02 -1.12219e+00 -1.06023e+00 -1.18414e+00 -1.17547e+00 -1.10739e+00 -1.24356e+00
1.28000e+05 6.40000e+02 -1.16482e+00 -1.08716e+00 -1.24249e+00 -1.17468e+00 -1.10613e+00 -1.24324e+00
1.28320e+05 6.41000e+02 -1.14076e+00 -1.05650e+00 -1.22502e+00 -1.17381e+00 -1.10482e+00 -1.24280e+00
1.28640e+05 6.43000e+02 -1.10589e+00 -1.04166e+00 -1.17011e+00 -1.17285e+00 -1.10348e+00 -1.24223e+00
1.28960e+05 6.44000e+02 -1.14232e+00 -1.06536e+00 -1.21929e+00 -1.17181e+00 -1.10211e+00 -1.24151e+00
1.29280e+05 6.46000e+02 -1.14977e+00 -1.05653e+00 -1.24301e+00 -1.17069e+00 -1.10070e+00 -1.24068e+00
1.29600e+05 6.48000e+02 -1.15018e+00 -1.10117e+00 -1.19919e+00 -1.16950e+00 -1.09928e+00 -1.23972e+00
1.29920e+05 6.49000e+02 -1.10948e+00 -1.05337e+00 -1.16560e+00 -1.16824e+00 -1.09784e+00 -1.23865e+00
1.30240e+05 6.51000e+02 -1.15700e+00 -1.02438e+00 -1.28963e+00 -1.16694e+00 -1.09638e+00 -1.23749e+00
1.30560e+05 6.52000e+02 -1.12886e+00 -1.05996e+00 -1.19775e+00 -1.16558e+00 -1.09492e+00 -1.23625e+00
1.30880e+05 6.54000e+02 -1.13182e+00 -1.05655e+00 -1.20709e+00 -1.16420e+00 -1.09345e+00 -1.23495e+00
1.31200e+05 6.56000e+02 -1.15556e+00 -1.06270e+00 -1.24843e+00 -1.16279e+00 -1.09197e+00 -1.23361e+00
1.31520e+05 6.57000e+02 -1.16117e+00 -1.04069e+00 -1.28165e+00 -1.16136e+00 -1.09047e+00 -1.23225e+00
1.31840e+05 6.59000e+02 -1.15881e+00 -1.06154e+00 -1.25608e+00 -1.15994e+00 -1.08898e+00 -1.23089e+00
1.32160e+05 6.60000e+02 -1.12588e+00 -1.03576e+00 -1.21601e+00 -1.15852e+00 -1.08748e+00 -1.22956e+00
1.32480e+05 6.62000e+02 -1.14485e+00 -1.05456e+00 -1.23514e+00 -1.15712e+00 -1.08598e+00 -1.22826e+00
1.32800e+05 6.64000e+02 -1.16220e+00 -1.02226e+00 -1.30213e+00 -1.15574e+00 -1.08448e+00 -1.22699e+00
1.33120e+05 6.65000e+02 -1.13488e+00 -1.05978e+00 -1.20997e+00 -1.15439e+00 -1.08298e+00 -1.22579e+00
1.33440e+05 6.67000e+02 -1.10640e+00 -1.03861e+00 -1.17420e+00 -1.15307e+00 -1.08150e+00 -1.22465e+00
1.33760e+05 6.68000e+02 -1.13162e+00 -1.03583e+00 -1.22741e+00 -1.15179e+00 -1.08002e+00 -1.22357e+00
1.34080e+05 6.70000e+02 -1.12956e+00 -1.02466e+00 -1.23446e+00 -1.15056e+00 -1.07857e+00 -1.22256e+00
1.34400e+05 6.72000e+02 -1.10710e+00 -1.04442e+00 -1.16978e+00 -1.14939e+00 -1.07715e+00 -1.22163e+00
1.34720e+05 6.73000e+02 -1.14035e+00 -1.04185e+00 -1.23885e+00 -1.14827e+00 -1.07576e+00 -1.22078e+00
1.35040e+05 6.75000e+02 -1.12329e+00 -1.04564e+00 -1.20095e+00 -1.14720e+00 -1.07439e+00 -1.22001e+00
1.35360e+05 6.76000e+02 -1.11710e+00 -1.03045e+00 -1.20375e+00 -1.14622e+00 -1.07307e+00 -1.21936e+00
1.35680e+05 6.78000e+02 -1.12544e+00 -1.03189e+00 -1.21898e+00 -1.14530e+00 -1.07178e+00 -1.21881e+00
1.36000e+05 6.80000e+02 -1.11765e+00 -1.04361e+00 -1.19169e+00 -1.14445e+00 -1.07052e+00 -1.21838e+00
1.36320e+05 6.81000e+02 -1.13520e+00 -1.05759e+00 -1.21281e+00 -1.14368e+00 -1.06928e+00 -1.21807e+00
1.36640e+05 6.83000e+02 -1.13236e+00 -1.04429e+00 -1.22044e+00 -1.14298e+00 -1.06806e+00 -1.21789e+00
1.36960e+05 6.84000e+02 -1.11380e+00 -1.04537e+00 -1.18222e+00 -1.14234e+00 -1.06687e+00 -1.21782e+00
1.37280e+05 6.86000e+02 -1.08997e+00 -1.03457e+00 -1.14538e+00 -1.14177e+00 -1.06568e+00 -1.21786e+00
1.37600e+05 6.88000e+02 -1.12607e+00 -1.03669e+00 -1.21546e+00 -1.14124e+00 -1.06449e+00 -1.21800e+00
1.37920e+05 6.89000e+02 -1.09450e+00 -1.03219e+00 -1.15681e+00 -1.14076e+00 -1.06330e+00 -1.21821e+00
1.38240e+05 6.91000e+02 -1.08879e+00 -1.03601e+00 -1.14157e+00 -1.14030e+00 -1.06212e+00 -1.21847e+00
1.38560e+05 6.92000e+02 -1.10128e+00 -1.02467e+00 -1.17788e+00 -1.13986e+00 -1.06094e+00 -1.21877e+00
1.38880e+05 6.94000e+02 -1.10175e+00 -1.03277e+00 -1.17073e+00 -1.13942e+00 -1.05976e+00 -1.21907e+00
1.39200e+05 6.96000e+02 -1.11595e+00 -1.03226e+00 -1.19964e+00 -1.13897e+00 -1.05859e+00 -1.21935e+00
1.39520e+05 6.97000e+02 -1.10057e+00 -1.03254e+00 -1.16861e+00 -1.13851e+00 -1.05743e+00 -1.21958e+00
1.39840e+05 6.99000e+02 -1.09614e+00 -1.02144e+00 -1.17083e+00 -1.13802e+00 -1.05631e+00 -1.21973e+00
1.40160e+05 7.00000e+02 -1.10575e+00 -1.02902e+00 -1.18247e+00 -1.13750e+00 -1.05522e+00 -1.21978e+00
1.40480e+05 7.02000e+02 -1.09476e+00 -1.02661e+00 -1.16292e+00 -1.13693e+00 -1.05416e+00 -1.21970e+00
1.40800e+05 7.04000e+02 -1.09164e+00 -1.03691e+00 -1.14636e+00 -1.13631e+00 -1.05315e+00 -1.21947e+00
1.41120e+05 7.05000e+02 -1.08508e+00 -1.02514e+00 -1.14503e+00 -1.13564e+00 -1.05220e+00 -1.21908e+00
1.41440e+05 7.07000e+02 -1.11288e+00 -1.01968e+00 -1.20607e+00 -1.13491e+00 -1.05129e+00 -1.21852e+00
1.41760e+05 7.08000e+02 -1.10519e+00 -1.02100e+00 -1.18938e+00 -1.13410e+00 -1.05044e+00 -1.21776e+00
1.42080e+05 7.10000e+02 -1.09027e+00 -1.02126e+00 -1.15928e+00 -1.13323e+00 -1.04963e+00 -1.21683e+00
1.42400e+05 7.12000e+02 -1.10230e+00 -1.02912e+00 -1.17547e+00 -1.13228e+00 -1.04886e+00 -1.21571e+00
1.42720e+05 7.13000e+02 -1.08181e+00 -1.01478e+00 -1.14884e+00 -1.13126e+00 -1.04813e+00 -1.21440e+00
1.43040e+05 7.15000e+02 -1.09973e+00 -1.03515e+00 -1.16431e+00 -1.13017e+00 -1.04741e+00 -1.21293e+00
1.43360e+05 7.16000e+02 -1.08990e+00 -1.03123e+00 -1.14858e+00 -1.12901e+00 -1.04670e+00 -1.21131e+00
1.43680e+05 7.18000e+02 -1.11474e+00 -1.03559e+00 -1.19390e+00 -1.12779e+00 -1.04600e+00 -1.20957e+00
1.44000e+05 7.20000e+02 -1.10763e+00 -1.04159e+00 -1.17367e+00 -1.12652e+00 -1.04532e+00 -1.20772e+00
1.44320e+05 7.21000e+02 -1.10913e+00 -1.05575e+00 -1.16251e+00 -1.12519e+00 -1.04462e+00 -1.20577e+00
1.44640e+05 7.23000e+02 -1.09472e+00 -1.02503e+00 -1.16442e+00 -1.12384e+00 -1.04391e+00 -1.20377e+00
1.44960e+05 7.24000e+02 -1.08804e+00 -1.02782e+00 -1.14825e+00 -1.12246e+00 -1.04320e+00 -1.20171e+00
1.45280e+05 7.26000e+02 -1.09315e+00 -1.03815e+00 -1.14815e+00 -1.12106e+00 -1.04247e+00 -1.19964e+00
1.45600e+05 7.28000e+02 -1.09914e+00 -1.04576e+00 -1.15252e+00 -1.11965e+00 -1.04174e+00 -1.19755e+00
1.45920e+05 7.29000e+02 -1.07888e+00 -1.03075e+00 -1.12701e+00 -1.11823e+00 -1.04099e+00 -1.19547e+00
1.46240e+05 7.31000e+02 -1.12164e+00 -1.05810e+00 -1.18517e+00 -1.11683e+00 -1.04024e+00 -1.19342e+00
1.46560e+05 7.32000e+02 -1.09829e+00 -1.03260e+00 -1.16398e+00 -1.11545e+00 -1.03950e+00 -1.19140e+00
1.46880e+05 7.34000e+02 -1.12582e+00 -1.07157e+00 -1.18006e+00 -1.11408e+00 -1.03875e+00 -1.18941e+00
1.47200e+05 7.36000e+02 -1.09314e+00 -1.02711e+00 -1.15916e+00 -1.11275e+00 -1.03803e+00 -1.18747e+00
1.47520e+05 7.37000e+02 -1.09308e+00 -1.03802e+00 -1.14815e+00 -1.11146e+00 -1.03733e+00 -1.18560e+00
1.47840e+05 7.39000e+02 -1.07977e+00 -1.01519e+00 -1.14435e+00 -1.11022e+00 -1.03667e+00 -1.18378e+00
1.48160e+05 7.40000e+02 -1.08417e+00 -1.02046e+00 -1.14788e+00 -1.10904e+00 -1.03604e+00 -1.18203e+00
1.48480e+05 7.42000e+02 -1.12606e+00 -1.07491e+00 -1.17720e+00 -1.10791e+00 -1.03549e+00 -1.18034e+00
1.48800e+05 7.44000e+02 -1.09172e+00 -1.00732e+00 -1.17612e+00 -1.10685e+00 -1.03499e+00 -1.17872e+00
1.49120e+05 7.45000e+02 -1.07377e+00 -1.02436e+00 -1.12317e+00 -1.10587e+00 -1.03458e+00 -1.17716e+00
1.49440e+05 7.47000e+02 -1.11783e+00 -1.03089e+00 -1.20477e+00 -1.10496e+00 -1.03425e+00 -1.17568e+00
1.49760e+05 7.48000e+02 -1.09572e+00 -1.02208e+00 -1.16937e+00 -1.10413e+00 -1.03402e+00 -1.17425e+00
1.50080e+05 7.50000e+02 -1.10003e+00 -1.03136e+00 -1.16870e+00 -1.10339e+00 -1.03388e+00 -1.17290e+00
1.50400e+05 7.52000e+02 -1.09815e+00 -1.02175e+00 -1.17455e+00 -1.10272e+00 -1.03383e+00 -1.17162e+00
1.50720e+05 7.53000e+02 -1.08563e+00 -1.02842e+00 -1.14284e+00 -1.10214e+00 -1.03388e+00 -1.17040e+00
1.51040e+05 7.55000e+02 -1.08062e+00 -1.02092e+00 -1.14032e+00 -1.10162e+00 -1.03400e+00 -1.16924e+00
1.51360e+05 7.56000e+02 -1.08886e+00 -1.03851e+00 -1.13921e+00 -1.10119e+00 -1.03421e+00 -1.16816e+00
1.51680e+05 7.58000e+02 -1.06764e+00 -1.01176e+00 -1.12352e+00 -1.10081e+00 -1.03448e+00 -1.16715e+00
1.52000e+05 7.60000e+02 -1.06865e+00 -1.01576e+00 -1.12154e+00 -1.10049e+00 -1.03479e+00 -1.16619e+00
1.52320e+05 7.61000e+02 -1.09105e+00 -1.00547e+00 -1.17664e+00 -1.10022e+00 -1.03512e+00 -1.16531e+00
1.52640e+05 7.63000e+02 -1.08731e+00 -1.00879e+00 -1.16583e+00 -1.09999e+00 -1.03547e+00 -1.16450e+00
1.52960e+05 7.64000e+02 -1.09567e+00 -1.01786e+00 -1.17348e+00 -1.09979e+00 -1.03582e+00 -1.16376e+00
1.53280e+05 7.66000e+02 -1.08485e+00 -1.03847e+00 -1.13123e+00 -1.09960e+00 -1.03613e+00 -1.16307e+00
1.53600e+05 7.68000e+02 -1.06951e+00 -1.01277e+00 -1.12626e+00 -1.09943e+00 -1.03640e+00 -1.16247e+00
1.53920e+05 7.69000e+02 -1.08999e+00 -1.01212e+00 -1.16787e+00 -1.09926e+00 -1.03660e+00 -1.16192e+00
1.54240e+05 7.71000e+02 -1.08555e+00 -1.00992e+00 -1.16118e+00 -1.09909e+00 -1.03674e+00 -1.16144e+00
1.54560e+05 7.72000e+02 -1.07132e+00 -1.01737e+00 -1.12527e+00 -1.09890e+00 -1.03680e+00 -1.16100e+00
1.54880e+05 7.74000e+02 -1.07508e+00 -1.02741e+00 -1.12276e+00 -1.09869e+00 -1.03678e+00 -1.16060e+00
1.55200e+05 7.76000e+02 -1.07935e+00 -1.02841e+00 -1.13029e+00 -1.09844e+00 -1.03665e+00 -1.16022e+00
1.55520e+05 7.77000e+02 -1.07915e+00 -9.98709e-01 -1.15958e+00 -1.09816e+00 -1.03644e+00 -1.15988e+00
1.55840e+05 7.79000e+02 -1.09483e+00 -1.02002e+00 -1.16964e+00 -1.09784e+00 -1.03614e+00 -1.15954e+00
1.56160e+05 7.80000e+02 -1.10179e+00 -1.01891e+00 -1.18467e+00 -1.09748e+00 -1.03577e+00 -1.15920e+00
1.56480e+05 7.82000e+02 -1.05549e+00 -9.82578e-01 -1.12841e+00 -1.09708e+00 -1.03530e+00 -1.15886e+00
1.56800e+05 7.84000e+02 -1.10003e+00 -1.02440e+00 -1.17567e+00 -1.09663e+00 -1.03477e+00 -1.15850e+00
1.57120e+05 7.85000e+02 -1.08769e+00 -1.03483e+00 -1.14054e+00 -1.09615e+00 -1.03417e+00 -1.15813e+00
1.57440e+05 7.87000e+02 -1.09378e+00 -1.04981e+00 -1.13776e+00 -1.09562e+00 -1.03351e+00 -1.15773e+00
1.57760e+05 7.88000e+02 -1.06000e+00 -1.00300e+00 -1.11700e+00 -1.09506e+00 -1.03281e+00 -1.15731e+00
1.58080e+05 7.90000e+02 -1.09502e+00 -1.02772e+00 -1.16233e+00 -1.09447e+00 -1.03207e+00 -1.15687e+00
1.58400e+05 7.92000e+02 -1.08177e+00 -1.02547e+00 -1.13807e+00 -1.09385e+00 -1.03130e+00 -1.15639e+00
1.58720e+05 7.93000e+02 -1.07548e+00 -1.02249e+00 -1.12847e+00 -1.09320e+00 -1.03051e+00 -1.15588e+00
1.59040e+05 7.95000e+02 -1.09406e+00 -1.04202e+00 -1.14611e+00 -1.09253e+00 -1.02972e+00 -1.15535e+00
1.59360e+05 7.96000e+02 -1.07304e+00 -1.03235e+00 -1.11373e+00 -1.09185e+00 -1.02891e+00 -1.15479e+00
1.59680e+05 7.98000e+02 -1.07063e+00 -1.02469e+00 -1.11656e+00 -1.09116e+00 -1.02811e+00 -1.15421e+00
1.60000e+05 8.00000e+02 -1.08937e+00 -1.04995e+00 -1.12878e+00 -1.09048e+00 -1.02734e+00 -1.15362e+00
1.60320e+05 8.01000e+02 -1.08982e+00 -1.04965e+00 -1.12999e+00 -1.08981e+00 -1.02659e+00 -1.15303e+00
1.60640e+05 8.03000e+02 -1.08018e+00 -1.05199e+00 -1.10837e+00 -1.08916e+00 -1.02587e+00 -1.15246e+00
1.60960e+05 8.04000e+02 -1.07490e+00 -1.03049e+00 -1.11931e+00 -1.08854e+00 -1.02519e+00 -1.15189e+00
1.61280e+05 8.06000e+02 -1.08347e+00 -1.05258e+00 -1.11436e+00 -1.08795e+00 -1.02457e+00 -1.15133e+00
1.61600e+05 8.08000e+02 -1.07870e+00 -1.00567e+00 -1.15173e+00 -1.08740e+00 -1.02400e+00 -1.15079e+00
1.61920e+05 8.09000e+02 -1.04404e+00 -9.77639e-01 -1.11045e+00 -1.08689e+00 -1.02351e+00 -1.15027e+00
1.62240e+05 8.11000e+02 -1.06406e+00 -1.01420e+00 -1.11392e+00 -1.08642e+00 -1.02309e+00 -1.14976e+00
1.62560e+05 8.12000e+02 -1.08231e+00 -1.02030e+00 -1.14432e+00 -1.08599e+00 -1.02274e+00 -1.14925e+00
1.62880e+05 8.14000e+02 -1.07073e+00 -1.01198e+00 -1.12949e+00 -1.08560e+00 -1.02247e+00 -1.14874e+00
1.63200e+05 8.16000e+02 -1.06828e+00 -9.99234e-01 -1.13734e+00 -1.08525e+00 -1.02229e+00 -1.14821e+00
1.63520e+05 8.17000e+02 -1.07032e+00 -1.00529e+00 -1.13535e+00 -1.08493e+00 -1.02219e+00 -1.14766e+00
1.63840e+05 8.19000e+02 -1.06372e+00 -1.00977e+00 -1.11767e+00 -1.08463e+00 -1.02218e+00 -1.14709e+00
1.64160e+05 8.20000e+02 -1.06740e+00 -1.02469e+00 -1.11011e+00 -1.08436e+00 -1.02226e+00 -1.14647e+00
1.64480e+05 8.22000e+02 -1.06688e+00 -1.01089e+00 -1.12288e+00 -1.08411e+00 -1.02242e+00 -1.14581e+00
1.64800e+05 8.24000e+02 -1.06622e+00 -1.01262e+00 -1.11983e+00 -1.08388e+00 -1.02264e+00 -1.14511e+00
1.65120e+05 8.25000e+02 -1.06858e+00 -1.02583e+00 -1.11134e+00 -1.08364e+00 -1.02293e+00 -1.14435e+00
1.65440e+05 8.27000e+02 -1.08288e+00 -1.01590e+00 -1.14987e+00 -1.08341e+00 -1.02326e+00 -1.14356e+00
1.65760e+05 8.28000e+02 -1.06232e+00 -1.00291e+00 -1.12173e+00 -1.08317e+00 -1.02361e+00 -1.14272e+00
1.66080e+05 8.30000e+02 -1.06303e+00 -1.01678e+00 -1.10928e+00 -1.08291e+00 -1.02397e+00 -1.14186e+00
1.66400e+05 8.32000e+02 -1.09943e+00 -1.05081e+00 -1.14805e+00 -1.08265e+00 -1.02433e+00 -1.14097e+00
1.66720e+05 8.33000e+02 -1.04428e+00 -9.85518e-01 -1.10303e+00 -1.08236e+00 -1.02466e+00 -1.14006e+00
1.67040e+05 8.35000e+02 -1.05976e+00 -9.90861e-01 -1.12866e+00 -1.08204e+00 -1.02494e+00 -1.13915e+00
1.67360e+05 8.36000e+02 -1.07017e+00 -1.00140e+00 -1.13894e+00 -1.08171e+00 -1.02516e+00 -1.13826e+00
1.67680e+05 8.38000e+02 -1.06536e+00 -1.01788e+00 -1.11284e+00 -1.08135e+00 -1.02533e+00 -1.13737e+00
1.68000e+05 8.40000e+02 -1.05985e+00 -1.00708e+00 -1.11262e+00 -1.08096e+00 -1.02542e+00 -1.13651e+00
1.68320e+05 8.41000e+02 -1.05256e+00 -9.85274e-01 -1.11985e+00 -1.08056e+00 -1.02544e+00 -1.13569e+00
1.68640e+05 8.43000e+02 -1.05104e+00 -9.83383e-01 -1.11870e+00 -1.08014e+00 -1.02538e+00 -1.13490e+00
1.68960e+05 8.44000e+02 -1.05567e+00 -9.87978e-01 -1.12337e+00 -1.07970e+00 -1.02524e+00 -1.13417e+00
1.69280e+05 8.46000e+02 -1.04012e+00 -9.79794e-01 -1.10045e+00 -1.07925e+00 -1.02503e+00 -1.13346e+00
1.69600e+05 8.48000e+02 -1.06631e+00 -9.96253e-01 -1.13637e+00 -1.07878e+00 -1.02475e+00 -1.13281e+00
1.69920e+05 8.49000e+02 -1.05420e+00 -9.96008e-01 -1.11239e+00 -1.07830e+00 -1.02440e+00 -1.13220e+00
1.70240e+05 8.51000e+02 -1.07218e+00 -1.00181e+00 -1.14254e+00 -1.07781e+00 -1.02399e+00 -1.13163e+00
1.70560e+05 8.52000e+02 -1.06066e+00 -1.00073e+00 -1.12060e+00 -1.07731e+00 -1.02353e+00 -1.13109e+00
1.70880e+05 8.54000e+02 -1.07086e+00 -1.00823e+00 -1.13349e+00 -1.07680e+00 -1.02301e+00 -1.13059e+00
1.71200e+05 8.56000e+02 -1.06515e+00 -9.93192e-01 -1.13711e+00 -1.07627e+00 -1.02243e+00 -1.13011e+00
1.71520e+05 8.57000e+02 -1.04695e+00 -9.75605e-01 -1.11829e+00 -1.07574e+00 -1.02181e+00 -1.12966e+00
1.71840e+05 8.59000e+02 -1.07580e+00 -1.00038e+00 -1.15122e+00 -1.07518e+00 -1.02114e+00 -1.12922e+00
1.72160e+05 8.60000e+02 -1.06389e+00 -9.85233e-01 -1.14254e+00 -1.07461e+00 -1.02043e+00 -1.12879e+00
1.72480e+05 8.62000e+02 -1.05498e+00 -9.96242e-01 -1.11371e+00 -1.07402e+00 -1.01967e+00 -1.12837e+00
1.72800e+05 8.64000e+02 -1.05616e+00 -9.84473e-01 -1.12784e+00 -1.07340e+00 -1.01886e+00 -1.12795e+00
1.73120e+05 8.65000e+02 -1.06953e+00 -9.83118e-01 -1.15595e+00 -1.07277e+00 -1.01801e+00 -1.12752e+00
1.73440e+05 8.67000e+02 -1.07383e+00 -9.95566e-01 -1.15210e+00 -1.07211e+00 -1.01713e+00 -1.12709e+00
1.73760e+05 8.68000e+02 -1.05369e+00 -9.89541e-01 -1.11783e+00 -1.07144e+00 -1.01621e+00 -1.12666e+00
1.74080e+05 8.70000e+02 -1.06250e+00 -9.89985e-01 -1.13501e+00 -1.07074e+00 -1.01526e+00 -1.12623e+00
1.74400e+05 8.72000e+02 -1.07734e+00 -1.02105e+00 -1.13363e+00 -1.07005e+00 -1.01428e+00 -1.12581e+00
1.74720e+05 8.73000e+02 -1.06077e+00 -1.00006e+00 -1.12149e+00 -1.06935e+00 -1.01329e+00 -1.12542e+00
1.75040e+05 8.75000e+02 -1.04753e+00 -9.97755e-01 -1.09730e+00 -1.06867e+00 -1.01228e+00 -1.12506e+00
1.75360e+05 8.76000e+02 -1.05926e+00 -9.97290e-01 -1.12123e+00 -1.06799e+00 -1.01125e+00 -1.12473e+00
1.75680e+05 8.78000e+02 -1.04519e+00 -9.89989e-01 -1.10040e+00 -1.06734e+00 -1.01022e+00 -1.12446e+00
1.76000e+05 8.80000e+02 -1.06294e+00 -9.94302e-01 -1.13158e+00 -1.06672e+00 -1.00919e+00 -1.12426e+00
1.76320e+05 8.81000e+02 -1.06826e+00 -9.91073e-01 -1.14545e+00 -1.06614e+00 -1.00816e+00 -1.12412e+00
1.76640e+05 8.83000e+02 -1.05516e+00 -9.84574e-01 -1.12574e+00 -1.06559e+00 -1.00714e+00 -1.12405e+00
1.76960e+05 8.84000e+02 -1.06363e+00 -9.91244e-01 -1.13601e+00 -1.06509e+00 -1.00612e+00 -1.12406e+00
1.77280e+05 8.86000e+02 -1.06335e+00 -9.81557e-01 -1.14515e+00 -1.06464e+00 -1.00511e+00 -1.12416e+00
1.77600e+05 8.88000e+02 -1.06267e+00 -9.84756e-01 -1.14058e+00 -1.06422e+00 -1.00413e+00 -1.12432e+00
1.77920e+05 8.89000e+02 -1.04501e+00 -9.91065e-01 -1.09896e+00 -1.06386e+00 -1.00318e+00 -1.12455e+00
1.78240e+05 8.91000e+02 -1.04882e+00 -9.95186e-01 -1.10246e+00 -1.06354e+00 -1.00226e+00 -1.12482e+00
1.78560e+05 8.92000e+02 -1.05454e+00 -9.89720e-01 -1.11936e+00 -1.06326e+00 -1.00138e+00 -1.12514e+00
1.78880e+05 8.94000e+02 -1.04803e+00 -9.83695e-01 -1.11236e+00 -1.06302e+00 -1.00056e+00 -1.12548e+00
1.79200e+05 8.96000e+02 -1.04863e+00 -9.82791e-01 -1.11446e+00 -1.06281e+00 -9.99791e-01 -1.12582e+00
1.79520e+05 8.97000e+02 -1.04115e+00 -9.56804e-01 -1.12550e+00 -1.06262e+00 -9.99076e-01 -1.12617e+00
1.79840e+05 8.99000e+02 -1.04620e+00 -9.70350e-01 -1.12206e+00 -1.06246e+00 -9.98421e-01 -1.12650e+00
1.80160e+05 9.00000e+02 -1.07619e+00 -9.90371e-01 -1.16201e+00 -1.06231e+00 -9.97823e-01 -1.12680e+00
1.80480e+05 9.02000e+02 -1.05204e+00 -9.76121e-01 -1.12795e+00 -1.06218e+00 -9.97277e-01 -1.12709e+00
1.80800e+05 9.04000e+02 -1.06400e+00 -9.91962e-01 -1.13603e+00 -1.06206e+00 -9.96781e-01 -1.12734e+00
1.81120e+05 9.05000e+02 -1.05708e+00 -9.76078e-01 -1.13808e+00 -1.06195e+00 -9.96330e-01 -1.12756e+00
1.81440e+05 9.07000e+02 -1.05811e+00 -1.00352e+00 -1.11271e+00 -1.06183e+00 -9.95911e-01 -1.12775e+00
1.81760e+05 9.08000e+02 -1.05665e+00 -9.67914e-01 -1.14538e+00 -1.06171e+00 -9.95527e-01 -1.12790e+00
1.82080e+05 9.10000e+02 -1.06477e+00 -9.81820e-01 -1.14772e+00 -1.06159e+00 -9.95167e-01 -1.12801e+00
1.82400e+05 9.12000e+02 -1.04983e+00 -9.75305e-01 -1.12435e+00 -1.06145e+00 -9.94820e-01 -1.12808e+00
1.82720e+05 9.13000e+02 -1.05465e+00 -9.78769e-01 -1.13052e+00 -1.06130e+00 -9.94483e-01 -1.12812e+00
1.83040e+05 9.15000e+02 -1.04125e+00 -9.60836e-01 -1.12166e+00 -1.06113e+00 -9.94143e-01 -1.12812e+00
1.83360e+05 9.16000e+02 -1.05847e+00 -9.91381e-01 -1.12556e+00 -1.06094e+00 -9.93793e-01 -1.12809e+00
1.83680e+05 9.18000e+02 -1.04348e+00 -9.66551e-01 -1.12041e+00 -1.06074e+00 -9.93424e-01 -1.12805e+00
1.84000e+05 9.20000e+02 -1.04270e+00 -9.68243e-01 -1.11716e+00 -1.06051e+00 -9.93033e-01 -1.12800e+00
1.84320e+05 9.21000e+02 -1.03343e+00 -9.67630e-01 -1.09922e+00 -1.06027e+00 -9.92610e-01 -1.12794e+00
1.84640e+05 9.23000e+02 -1.04564e+00 -9.72907e-01 -1.11836e+00 -1.06003e+00 -9.92160e-01 -1.12789e+00
1.84960e+05 9.24000e+02 -1.03223e+00 -9.75334e-01 -1.08913e+00 -1.05977e+00 -9.91680e-01 -1.12786e+00
1.85280e+05 9.26000e+02 -1.04853e+00 -9.63460e-01 -1.13361e+00 -1.05951e+00 -9.91170e-01 -1.12786e+00
1.85600e+05 9.28000e+02 -1.04753e+00 -9.71402e-01 -1.12365e+00 -1.05926e+00 -9.90639e-01 -1.12788e+00
1.85920e+05 9.29000e+02 -1.05498e+00 -9.85580e-01 -1.12439e+00 -1.05901e+00 -9.90083e-01 -1.12794e+00
1.86240e+05 9.31000e+02 -1.05007e+00 -9.95245e-01 -1.10489e+00 -1.05878e+00 -9.89514e-01 -1.12804e+00
1.86560e+05 9.32000e+02 -1.05855e+00 -9.92042e-01 -1.12505e+00 -1.05855e+00 -9.88934e-01 -1.12816e+00
1.86880e+05 9.34000e+02 -1.07396e+00 -9.91653e-01 -1.15626e+00 -1.05832e+00 -9.88353e-01 -1.12829e+00
1.87200e+05 9.36000e+02 -1.06167e+00 -9.90467e-01 -1.13287e+00 -1.05810e+00 -9.87767e-01 -1.12844e+00
1.87520e+05 9.37000e+02 -1.07095e+00 -9.86212e-01 -1.15569e+00 -1.05787e+00 -9.87185e-01 -1.12856e+00
1.87840e+05 9.39000e+02 -1.04748e+00 -9.77437e-01 -1.11753e+00 -1.05764e+00 -9.86610e-01 -1.12866e+00
1.88160e+05 9.40000e+02 -1.05256e+00 -9.71249e-01 -1.13386e+00 -1.05738e+00 -9.86044e-01 -1.12872e+00
1.88480e+05 9.42000e+02 -1.05276e+00 -9.81298e-01 -1.12423e+00 -1.05711e+00 -9.85490e-01 -1.12872e+00
1.88800e+05 9.44000e+02 -1.06505e+00 -9.87761e-01 -1.14234e+00 -1.05680e+00 -9.84946e-01 -1.12865e+00
1.89120e+05 9.45000e+02 -1.04371e+00 -9.77417e-01 -1.11001e+00 -1.05647e+00 -9.84422e-01 -1.12851e+00
1.89440e+05 9.47000e+02 -1.05381e+00 -9.86305e-01 -1.12132e+00 -1.05611e+00 -9.83922e-01 -1.12830e+00
1.89760e+05 9.48000e+02 -1.05831e+00 -1.01920e+00 -1.09742e+00 -1.05573e+00 -9.83445e-01 -1.12801e+00
1.90080e+05 9.50000e+02 -1.04035e+00 -9.77122e-01 -1.10357e+00 -1.05533e+00 -9.82999e-01 -1.12766e+00
1.90400e+05 9.52000e+02 -1.02471e+00 -9.65360e-01 -1.08405e+00 -1.05492e+00 -9.82589e-01 -1.12725e+00
1.90720e+05 9.53000e+02 -1.05655e+00 -1.00968e+00 -1.10342e+00 -1.05452e+00 -9.82224e-01 -1.12681e+00
1.91040e+05 9.55000e+02 -1.06214e+00 -1.01375e+00 -1.11053e+00 -1.05412e+00 -9.81900e-01 -1.12635e+00
1.91360e+05 9.56000e+02 -1.04407e+00 -9.93470e-01 -1.09467e+00 -1.05375e+00 -9.81623e-01 -1.12587e+00
1.91680e+05 9.58000e+02 -1.03697e+00 -9.88686e-01 -1.08526e+00 -1.05340e+00 -9.81393e-01 -1.12540e+00
1.92000e+05 9.60000e+02 -1.06197e+00 -9.68525e-01 -1.15542e+00 -1.05308e+00 -9.81209e-01 -1.12495e+00
1.92320e+05 9.61000e+02 -1.07762e+00 -1.01086e+00 -1.14437e+00 -1.05279e+00 -9.81067e-01 -1.12451e+00
1.92640e+05 9.63000e+02 -1.05437e+00 -9.73343e-01 -1.13540e+00 -1.05254e+00 -9.80961e-01 -1.12411e+00
1.92960e+05 9.64000e+02 -1.07045e+00 -9.94676e-01 -1.14621e+00 -1.05232e+00 -9.80895e-01 -1.12374e+00
1.93280e+05 9.66000e+02 -1.05968e+00 -9.82056e-01 -1.13731e+00 -1.05213e+00 -9.80856e-01 -1.12341e+00
1.93600e+05 9.68000e+02 -1.04705e+00 -9.70862e-01 -1.12324e+00 -1.05197e+00 -9.80852e-01 -1.12309e+00
1.93920e+05 9.69000e+02 -1.07218e+00 -9.76689e-01 -1.16766e+00 -1.05183e+00 -9.80872e-01 -1.12279e+00
1.94240e+05 9.71000e+02 -1.04057e+00 -9.55571e-01 -1.12557e+00 -1.05171e+00 -9.80917e-01 -1.12250e+00
1.94560e+05 9.72000e+02 -1.04853e+00 -9.70851e-01 -1.12620e+00 -1.05159e+00 -9.80981e-01 -1.12220e+00
1.94880e+05 9.74000e+02 -1.06811e+00 -9.82939e-01 -1.15327e+00 -1.05148e+00 -9.81072e-01 -1.12189e+00
1.95200e+05 9.76000e+02 -1.05823e+00 -9.72493e-01 -1.14396e+00 -1.05138e+00 -9.81181e-01 -1.12157e+00
1.95520e+05 9.77000e+02 -1.07713e+00 -9.71575e-01 -1.18269e+00 -1.05127e+00 -9.81309e-01 -1.12124e+00
1.95840e+05 9.79000e+02 -1.02791e+00 -9.47348e-01 -1.10847e+00 -1.05118e+00 -9.81450e-01 -1.12090e+00
1.96160e+05 9.80000e+02 -1.05812e+00 -9.69283e-01 -1.14697e+00 -1.05108e+00 -9.81597e-01 -1.12057e+00
1.96480e+05 9.82000e+02 -1.07447e+00 -9.77482e-01 -1.17147e+00 -1.05100e+00 -9.81743e-01 -1.12026e+00
1.96800e+05 9.84000e+02 -1.05012e+00 -9.66465e-01 -1.13378e+00 -1.05093e+00 -9.81882e-01 -1.11999e+00
1.97120e+05 9.85000e+02 -1.03364e+00 -9.79041e-01 -1.08824e+00 -1.05089e+00 -9.82002e-01 -1.11978e+00
1.97440e+05 9.87000e+02 -1.03830e+00 -9.64698e-01 -1.11190e+00 -1.05088e+00 -9.82098e-01 -1.11966e+00
1.97760e+05 9.88000e+02 -1.05292e+00 -9.73642e-01 -1.13219e+00 -1.05090e+00 -9.82158e-01 -1.11964e+00
1.98080e+05 9.90000e+02 -1.04853e+00 -9.69322e-01 -1.12775e+00 -1.05096e+00 -9.82179e-01 -1.11974e+00
1.98400e+05 9.92000e+02 -1.03372e+00 -9.57309e-01 -1.11012e+00 -1.05107e+00 -9.82160e-01 -1.11998e+00
1.98720e+05 9.93000e+02 -1.02778e+00 -9.40439e-01 -1.11512e+00 -1.05123e+00 -9.82092e-01 -1.12036e+00
1.99040e+05 9.95000e+02 -1.06258e+00 -9.74428e-01 -1.15074e+00 -1.05143e+00 -9.81983e-01 -1.12088e+00
1.99360e+05 9.96000e+02 -1.04104e+00 -9.51827e-01 -1.13025e+00 -1.05169e+00 -9.81832e-01 -1.12154e+00
1.99680e+05 9.98000e+02 -1.03420e+00 -9.59484e-01 -1.10892e+00 -1.05198e+00 -9.81645e-01 -1.12233e+00
