0.00000e+00 0.00000e+00 -6.17826e+00 -5.94791e+00 -6.40862e+00 -6.17826e+00 -5.94791e+00 -6.40862e+00
3.20000e+02 1.00000e+00 -5.94668e+00 -5.61704e+00 -6.27632e+00 -6.17826e+00 -5.94791e+00 -6.40862e+00
6.40000e+02 3.00000e+00 -5.75005e+00 -4.51452e+00 -6.98558e+00 -6.17826e+00 -5.94791e+00 -6.40862e+00
9.60000e+02 4.00000e+00 -5.63356e+00 -4.64225e+00 -6.62487e+00 -6.17826e+00 -5.94791e+00 -6.40862e+00
1.28000e+03 6.00000e+00 -5.52678e+00 -5.34368e+00 -5.70988e+00 -6.17826e+00 -5.94791e+00 -6.40862e+00
1.60000e+03 8.00000e+00 -4.46214e+00 -3.58567e+00 -5.33862e+00 -6.17826e+00 -5.94790e+00 -6.40862e+00
1.92000e+03 9.00000e+00 -4.44533e+00 -4.29368e+00 -4.59698e+00 -6.17826e+00 -5.94790e+00 -6.40861e+00
2.24000e+03 1.10000e+01 -5.31079e+00 -4.29829e+00 -6.32330e+00 -6.17824e+00 -5.94789e+00 -6.40860e+00
2.56000e+03 1.20000e+01 -4.73254e+00 -4.59499e+00 -4.87009e+00 -6.17820e+00 -5.94785e+00 -6.40855e+00
2.88000e+03 1.40000e+01 -6.31051e+00 -5.81323e+00 -6.80778e+00 -6.17810e+00 -5.94775e+00 -6.40845e+00
3.20000e+03 1.60000e+01 -3.73597e+00 -3.52528e+00 -3.94665e+00 -6.17785e+00 -5.94752e+00 -6.40817e+00
3.52000e+03 1.70000e+01 -3.48267e+00 -3.19330e+00 -3.77203e+00 -6.17732e+00 -5.94705e+00 -6.40759e+00
3.84000e+03 1.90000e+01 -3.83910e+00 -3.41539e+00 -4.26281e+00 -6.17632e+00 -5.94618e+00 -6.40646e+00
4.16000e+03 2.00000e+01 -4.28091e+00 -3.74530e+00 -4.81652e+00 -6.17454e+00 -5.94467e+00 -6.40442e+00
4.48000e+03 2.20000e+01 -4.82892e+00 -3.72565e+00 -5.93219e+00 -6.17162e+00 -5.94224e+00 -6.40099e+00
4.80000e+03 2.40000e+01 -3.28340e+00 -3.03792e+00 -3.52889e+00 -6.16706e+00 -5.93852e+00 -6.39560e+00
5.12000e+03 2.50000e+01 -3.39375e+00 -2.79320e+00 -3.99430e+00 -6.16035e+00 -5.93311e+00 -6.38760e+00
5.44000e+03 2.70000e+01 -3.53041e+00 -3.03355e+00 -4.02727e+00 -6.15089e+00 -5.92552e+00 -6.37626e+00
5.76000e+03 2.80000e+01 -3.39396e+00 -2.89392e+00 -3.89401e+00 -6.13806e+00 -5.91526e+00 -6.36087e+00
6.08000e+03 3.00000e+01 -3.75061e+00 -2.94180e+00 -4.55943e+00 -6.12125e+00 -5.90180e+00 -6.34069e+00
6.40000e+03 3.20000e+01 -3.40584e+00 -2.93408e+00 -3.87759e+00 -6.09986e+00 -5.88465e+00 -6.31507e+00
6.72000e+03 3.30000e+01 -3.10963e+00 -2.71731e+00 -3.50195e+00 -6.07340e+00 -5.86335e+00 -6.28344e+00
7.04000e+03 3.50000e+01 -3.23273e+00 -3.08127e+00 -3.38418e+00 -6.04139e+00 -5.83746e+00 -6.24532e+00
7.36000e+03 3.60000e+01 -3.22980e+00 -2.72777e+00 -3.73183e+00 -6.00350e+00 -5.80666e+00 -6.20035e+00
7.68000e+03 3.80000e+01 -2.93128e+00 -2.59322e+00 -3.26934e+00 -5.95951e+00 -5.77070e+00 -6.14831e+00
8.00000e+03 4.00000e+01 -2.95710e+00 -2.59127e+00 -3.32293e+00 -5.90928e+00 -5.72943e+00 -6.08913e+00
8.32000e+03 4.10000e+01 -2.83385e+00 -2.63816e+00 -3.02954e+00 -5.85280e+00 -5.68278e+00 -6.02283e+00
8.64000e+03 4.30000e+01 -3.17597e+00 -2.98712e+00 -3.36482e+00 -5.79018e+00 -5.63078e+00 -5.94958e+00
8.96000e+03 4.40000e+01 -3.21468e+00 -2.47323e+00 -3.95613e+00 -5.72163e+00 -5.57351e+00 -5.86974e+00
9.28000e+03 4.60000e+01 -3.29587e+00 -2.98287e+00 -3.60887e+00 -5.64744e+00 -5.51110e+00 -5.78378e+00
9.60000e+03 4.80000e+01 -2.68226e+00 -2.66446e+00 -2.70006e+00 -5.56800e+00 -5.44366e+00 -5.69235e+00
9.92000e+03 4.90000e+01 -2.86314e+00 -2.70772e+00 -3.01855e+00 -5.48377e+00 -5.37129e+00 -5.59626e+00
1.02400e+04 5.10000e+01 -2.94692e+00 -2.64983e+00 -3.24401e+00 -5.39527e+00 -5.29399e+00 -5.49655e+00
1.05600e+04 5.20000e+01 -3.06862e+00 -2.63540e+00 -3.50184e+00 -5.30305e+00 -5.21169e+00 -5.39441e+00
1.08800e+04 5.40000e+01 -2.67722e+00 -2.41267e+00 -2.94178e+00 -5.20772e+00 -5.12425e+00 -5.29119e+00
1.12000e+04 5.60000e+01 -2.96139e+00 -2.37185e+00 -3.55093e+00 -5.10990e+00 -5.03162e+00 -5.18818e+00
1.15200e+04 5.70000e+01 -2.83638e+00 -2.65770e+00 -3.01505e+00 -5.01022e+00 -4.93403e+00 -5.08641e+00
1.18400e+04 5.90000e+01 -2.78452e+00 -2.47273e+00 -3.09631e+00 -4.90932e+00 -4.83227e+00 -4.98636e+00
1.21600e+04 6.00000e+01 -2.74755e+00 -2.50025e+00 -2.99486e+00 -4.80780e+00 -4.72756e+00 -4.88805e+00
1.24800e+04 6.20000e+01 -2.74657e+00 -2.57603e+00 -2.91710e+00 -4.70628e+00 -4.62135e+00 -4.79121e+00
1.28000e+04 6.40000e+01 -2.53749e+00 -2.37746e+00 -2.69751e+00 -4.60531e+00 -4.51495e+00 -4.69566e+00
1.31200e+04 6.50000e+01 -2.52678e+00 -2.28641e+00 -2.76715e+00 -4.50541e+00 -4.40949e+00 -4.60133e+00
1.34400e+04 6.70000e+01 -2.86174e+00 -2.64006e+00 -3.08342e+00 -4.40706e+00 -4.30578e+00 -4.50835e+00
1.37600e+04 6.80000e+01 -2.72009e+00 -2.55500e+00 -2.88517e+00 -4.31069e+00 -4.20442e+00 -4.41697e+00
1.40800e+04 7.00000e+01 -2.60540e+00 -2.37726e+00 -2.83354e+00 -4.21667e+00 -4.10580e+00 -4.32754e+00
1.44000e+04 7.20000e+01 -2.71699e+00 -2.40587e+00 -3.02810e+00 -4.12531e+00 -4.01018e+00 -4.24044e+00
1.47200e+04 7.30000e+01 -2.74545e+00 -2.31888e+00 -3.17202e+00 -4.03685e+00 -3.91769e+00 -4.15602e+00
1.50400e+04 7.50000e+01 -2.37075e+00 -2.20598e+00 -2.53553e+00 -3.95149e+00 -3.82839e+00 -4.07459e+00
1.53600e+04 7.60000e+01 -2.67092e+00 -2.40188e+00 -2.93996e+00 -3.86935e+00 -3.74233e+00 -3.99636e+00
1.56800e+04 7.80000e+01 -2.34531e+00 -2.05944e+00 -2.63119e+00 -3.79048e+00 -3.65953e+00 -3.92144e+00
1.60000e+04 8.00000e+01 -2.67189e+00 -2.36462e+00 -2.97915e+00 -3.71493e+00 -3.57999e+00 -3.84986e+00
1.63200e+04 8.10000e+01 -2.47020e+00 -2.22234e+00 -2.71805e+00 -3.64266e+00 -3.50376e+00 -3.78155e+00
1.66400e+04 8.30000e+01 -2.49406e+00 -2.23537e+00 -2.75275e+00 -3.57363e+00 -3.43085e+00 -3.71640e+00
1.69600e+04 8.40000e+01 -2.76783e+00 -2.49425e+00 -3.04141e+00 -3.50779e+00 -3.36131e+00 -3.65427e+00
1.72800e+04 8.60000e+01 -2.49442e+00 -2.25469e+00 -2.73415e+00 -3.44507e+00 -3.29515e+00 -3.59498e+00
1.76000e+04 8.80000e+01 -2.44542e+00 -2.34229e+00 -2.54855e+00 -3.38540e+00 -3.23238e+00 -3.53841e+00
1.79200e+04 8.90000e+01 -2.64318e+00 -2.24319e+00 -3.04317e+00 -3.32870e+00 -3.17298e+00 -3.48442e+00
1.82400e+04 9.10000e+01 -2.49353e+00 -2.35150e+00 -2.63556e+00 -3.27490e+00 -3.11689e+00 -3.43291e+00
1.85600e+04 9.20000e+01 -2.50492e+00 -2.26006e+00 -2.74978e+00 -3.22392e+00 -3.06404e+00 -3.38380e+00
1.88800e+04 9.40000e+01 -2.34513e+00 -2.12182e+00 -2.56844e+00 -3.17566e+00 -3.01429e+00 -3.33704e+00
1.92000e+04 9.60000e+01 -2.28874e+00 -2.00734e+00 -2.57015e+00 -3.13005e+00 -2.96751e+00 -3.29258e+00
1.95200e+04 9.70000e+01 -2.16993e+00 -2.04142e+00 -2.29844e+00 -3.08698e+00 -2.92355e+00 -3.25040e+00
1.98400e+04 9.90000e+01 -2.24014e+00 -2.04308e+00 -2.43720e+00 -3.04636e+00 -2.88224e+00 -3.21048e+00
2.01600e+04 1.00000e+02 -2.26706e+00 -2.10971e+00 -2.42441e+00 -3.00810e+00 -2.84342e+00 -3.17277e+00
2.04800e+04 1.02000e+02 -2.26026e+00 -2.19225e+00 -2.32826e+00 -2.97207e+00 -2.80692e+00 -3.13723e+00
2.08000e+04 1.04000e+02 -2.15948e+00 -2.11062e+00 -2.20833e+00 -2.93818e+00 -2.77257e+00 -3.10379e+00
2.11200e+04 1.05000e+02 -2.28548e+00 -2.08495e+00 -2.48602e+00 -2.90629e+00 -2.74023e+00 -3.07235e+00
2.14400e+04 1.07000e+02 -2.19142e+00 -2.01779e+00 -2.36504e+00 -2.87628e+00 -2.70977e+00 -3.04280e+00
2.17600e+04 1.08000e+02 -2.22784e+00 -2.15711e+00 -2.29856e+00 -2.84798e+00 -2.68102e+00 -3.01495e+00
2.20800e+04 1.10000e+02 -2.42120e+00 -2.07292e+00 -2.76949e+00 -2.82125e+00 -2.65387e+00 -2.98863e+00
2.24000e+04 1.12000e+02 -2.31614e+00 -2.07283e+00 -2.55944e+00 -2.79589e+00 -2.62815e+00 -2.96364e+00
2.27200e+04 1.13000e+02 -2.21725e+00 -1.89677e+00 -2.53773e+00 -2.77173e+00 -2.60370e+00 -2.93977e+00
2.30400e+04 1.15000e+02 -2.23250e+00 -1.98184e+00 -2.48316e+00 -2.74859e+00 -2.58039e+00 -2.91679e+00
2.33600e+04 1.16000e+02 -2.33828e+00 -2.31528e+00 -2.36129e+00 -2.72627e+00 -2.55805e+00 -2.89449e+00
2.36800e+04 1.18000e+02 -2.05537e+00 -1.95832e+00 -2.15242e+00 -2.70462e+00 -2.53654e+00 -2.87269e+00
2.40000e+04 1.20000e+02 -1.99834e+00 -1.87862e+00 -2.11807e+00 -2.68346e+00 -2.51571e+00 -2.85121e+00
2.43200e+04 1.21000e+02 -2.11997e+00 -1.95640e+00 -2.28355e+00 -2.66266e+00 -2.49543e+00 -2.82989e+00
2.46400e+04 1.23000e+02 -1.98937e+00 -1.95940e+00 -2.01934e+00 -2.64212e+00 -2.47559e+00 -2.80865e+00
2.49600e+04 1.24000e+02 -2.05672e+00 -1.82098e+00 -2.29246e+00 -2.62177e+00 -2.45610e+00 -2.78744e+00
2.52800e+04 1.26000e+02 -2.06574e+00 -1.93730e+00 -2.19417e+00 -2.60156e+00 -2.43689e+00 -2.76623e+00
2.56000e+04 1.28000e+02 -2.16683e+00 -2.09204e+00 -2.24162e+00 -2.58147e+00 -2.41789e+00 -2.74506e+00
2.59200e+04 1.29000e+02 -1.85023e+00 -1.75057e+00 -1.94989e+00 -2.56152e+00 -2.39908e+00 -2.72396e+00
2.62400e+04 1.31000e+02 -1.95948e+00 -1.80531e+00 -2.11365e+00 -2.54173e+00 -2.38047e+00 -2.70299e+00
2.65600e+04 1.32000e+02 -1.99994e+00 -1.84688e+00 -2.15300e+00 -2.52213e+00 -2.36206e+00 -2.68220e+00
2.68800e+04 1.34000e+02 -1.97262e+00 -1.90864e+00 -2.03659e+00 -2.50275e+00 -2.34386e+00 -2.66164e+00
2.72000e+04 1.36000e+02 -2.05199e+00 -1.88711e+00 -2.21687e+00 -2.48362e+00 -2.32591e+00 -2.64134e+00
2.75200e+04 1.37000e+02 -2.06323e+00 -1.87030e+00 -2.25616e+00 -2.46477e+00 -2.30825e+00 -2.62130e+00
2.78400e+04 1.39000e+02 -1.90553e+00 -1.85974e+00 -1.95133e+00 -2.44620e+00 -2.29089e+00 -2.60151e+00
2.81600e+04 1.40000e+02 -1.95854e+00 -1.83706e+00 -2.08002e+00 -2.42792e+00 -2.27388e+00 -2.58195e+00
2.84800e+04 1.42000e+02 -1.95867e+00 -1.59947e+00 -2.31787e+00 -2.40990e+00 -2.25724e+00 -2.56257e+00
2.88000e+04 1.44000e+02 -1.95300e+00 -1.81374e+00 -2.09226e+00 -2.39215e+00 -2.24098e+00 -2.54332e+00
2.91200e+04 1.45000e+02 -1.98457e+00 -1.74463e+00 -2.22452e+00 -2.37464e+00 -2.22511e+00 -2.52417e+00
2.94400e+04 1.47000e+02 -2.00933e+00 -1.86115e+00 -2.15751e+00 -2.35735e+00 -2.20963e+00 -2.50506e+00
2.97600e+04 1.48000e+02 -2.01462e+00 -1.80325e+00 -2.22600e+00 -2.34026e+00 -2.19454e+00 -2.48598e+00
3.00800e+04 1.50000e+02 -2.08791e+00 -1.75249e+00 -2.42333e+00 -2.32336e+00 -2.17985e+00 -2.46688e+00
3.04000e+04 1.52000e+02 -2.00563e+00 -1.80559e+00 -2.20566e+00 -2.30664e+00 -2.16551e+00 -2.44776e+00
3.07200e+04 1.53000e+02 -2.04734e+00 -1.95521e+00 -2.13947e+00 -2.29009e+00 -2.15152e+00 -2.42866e+00
3.10400e+04 1.55000e+02 -1.95430e+00 -1.89745e+00 -2.01115e+00 -2.27371e+00 -2.13786e+00 -2.40957e+00
3.13600e+04 1.56000e+02 -1.99463e+00 -1.86628e+00 -2.12297e+00 -2.25753e+00 -2.12449e+00 -2.39056e+00
3.16800e+04 1.58000e+02 -1.97912e+00 -1.73018e+00 -2.22807e+00 -2.24153e+00 -2.11141e+00 -2.37165e+00
3.20000e+04 1.60000e+02 -1.83082e+00 -1.67333e+00 -1.98831e+00 -2.22577e+00 -2.09860e+00 -2.35294e+00
3.23200e+04 1.61000e+02 -1.87936e+00 -1.75596e+00 -2.00277e+00 -2.21026e+00 -2.08604e+00 -2.33448e+00
3.26400e+04 1.63000e+02 -1.89023e+00 -1.77971e+00 -2.00074e+00 -2.19506e+00 -2.07376e+00 -2.31637e+00
3.29600e+04 1.64000e+02 -1.81183e+00 -1.65098e+00 -1.97269e+00 -2.18022e+00 -2.06176e+00 -2.29868e+00
3.32800e+04 1.66000e+02 -1.92686e+00 -1.83259e+00 -2.02114e+00 -2.16578e+00 -2.05007e+00 -2.28149e+00
3.36000e+04 1.68000e+02 -1.85417e+00 -1.67966e+00 -2.02869e+00 -2.15182e+00 -2.03875e+00 -2.26489e+00
3.39200e+04 1.69000e+02 -1.80196e+00 -1.66791e+00 -1.93600e+00 -2.13838e+00 -2.02782e+00 -2.24895e+00
3.42400e+04 1.71000e+02 -1.90497e+00 -1.70023e+00 -2.10972e+00 -2.12551e+00 -2.01731e+00 -2.23371e+00
3.45600e+04 1.72000e+02 -2.07076e+00 -1.88242e+00 -2.25910e+00 -2.11324e+00 -2.00727e+00 -2.21921e+00
3.48800e+04 1.74000e+02 -1.93769e+00 -1.79946e+00 -2.07591e+00 -2.10159e+00 -1.99770e+00 -2.20548e+00
3.52000e+04 1.76000e+02 -1.91277e+00 -1.72533e+00 -2.10020e+00 -2.09053e+00 -1.98857e+00 -2.19250e+00
3.55200e+04 1.77000e+02 -1.85648e+00 -1.72030e+00 -1.99267e+00 -2.08007e+00 -1.97990e+00 -2.18025e+00
3.58400e+04 1.79000e+02 -1.94903e+00 -1.76959e+00 -2.12847e+00 -2.07016e+00 -1.97161e+00 -2.16871e+00
3.61600e+04 1.80000e+02 -1.76785e+00 -1.61013e+00 -1.92558e+00 -2.06075e+00 -1.96367e+00 -2.15784e+00
3.64800e+04 1.82000e+02 -1.82942e+00 -1.70118e+00 -1.95766e+00 -2.05180e+00 -1.95601e+00 -2.14759e+00
3.68000e+04 1.84000e+02 -1.68628e+00 -1.66044e+00 -1.71212e+00 -2.04326e+00 -1.94857e+00 -2.13795e+00
3.71200e+04 1.85000e+02 -1.77543e+00 -1.69496e+00 -1.85589e+00 -2.03508e+00 -1.94127e+00 -2.12888e+00
3.74400e+04 1.87000e+02 -1.72333e+00 -1.62851e+00 -1.81815e+00 -2.02721e+00 -1.93406e+00 -2.12036e+00
3.77600e+04 1.88000e+02 -1.76429e+00 -1.60861e+00 -1.91997e+00 -2.01963e+00 -1.92689e+00 -2.11236e+00
3.80800e+04 1.90000e+02 -1.79846e+00 -1.70027e+00 -1.89665e+00 -2.01230e+00 -1.91972e+00 -2.10487e+00
3.84000e+04 1.92000e+02 -1.78746e+00 -1.67301e+00 -1.90191e+00 -2.00519e+00 -1.91250e+00 -2.09788e+00
3.87200e+04 1.93000e+02 -1.69732e+00 -1.61346e+00 -1.78118e+00 -1.99827e+00 -1.90521e+00 -2.09133e+00
3.90400e+04 1.95000e+02 -1.80884e+00 -1.68647e+00 -1.93122e+00 -1.99152e+00 -1.89783e+00 -2.08521e+00
3.93600e+04 1.96000e+02 -1.82168e+00 -1.65285e+00 -1.99051e+00 -1.98491e+00 -1.89037e+00 -2.07946e+00
3.96800e+04 1.98000e+02 -1.56080e+00 -1.42479e+00 -1.69681e+00 -1.97840e+00 -1.88279e+00 -2.07401e+00
4.00000e+04 2.00000e+02 -1.60953e+00 -1.59583e+00 -1.62324e+00 -1.97195e+00 -1.87512e+00 -2.06879e+00
4.03200e+04 2.01000e+02 -1.74163e+00 -1.64850e+00 -1.83475e+00 -1.96552e+00 -1.86734e+00 -2.06369e+00
4.06400e+04 2.03000e+02 -1.68953e+00 -1.58663e+00 -1.79244e+00 -1.95904e+00 -1.85949e+00 -2.05860e+00
4.09600e+04 2.04000e+02 -1.76157e+00 -1.67748e+00 -1.84566e+00 -1.95250e+00 -1.85156e+00 -2.05343e+00
4.12800e+04 2.06000e+02 -1.62740e+00 -1.48896e+00 -1.76584e+00 -1.94582e+00 -1.84357e+00 -2.04807e+00
4.16000e+04 2.08000e+02 -1.66328e+00 -1.53120e+00 -1.79536e+00 -1.93900e+00 -1.83556e+00 -2.04243e+00
4.19200e+04 2.09000e+02 -1.71841e+00 -1.64698e+00 -1.78984e+00 -1.93199e+00 -1.82752e+00 -2.03646e+00
4.22400e+04 2.11000e+02 -1.72827e+00 -1.72209e+00 -1.73444e+00 -1.92478e+00 -1.81948e+00 -2.03007e+00
4.25600e+04 2.12000e+02 -1.64676e+00 -1.48387e+00 -1.80965e+00 -1.91736e+00 -1.81146e+00 -2.02325e+00
4.28800e+04 2.14000e+02 -1.63974e+00 -1.55707e+00 -1.72242e+00 -1.90972e+00 -1.80346e+00 -2.01599e+00
4.32000e+04 2.16000e+02 -1.65384e+00 -1.53974e+00 -1.76795e+00 -1.90189e+00 -1.79548e+00 -2.00830e+00
4.35200e+04 2.17000e+02 -1.75988e+00 -1.62002e+00 -1.89974e+00 -1.89387e+00 -1.78753e+00 -2.00021e+00
4.38400e+04 2.19000e+02 -1.61170e+00 -1.55458e+00 -1.66882e+00 -1.88567e+00 -1.77961e+00 -1.99174e+00
4.41600e+04 2.20000e+02 -1.68763e+00 -1.58877e+00 -1.78650e+00 -1.87735e+00 -1.77174e+00 -1.98296e+00
4.44800e+04 2.22000e+02 -1.66856e+00 -1.58030e+00 -1.75681e+00 -1.86892e+00 -1.76392e+00 -1.97392e+00
4.48000e+04 2.24000e+02 -1.65758e+00 -1.59203e+00 -1.72312e+00 -1.86042e+00 -1.75617e+00 -1.96467e+00
4.51200e+04 2.25000e+02 -1.69726e+00 -1.53478e+00 -1.85974e+00 -1.85191e+00 -1.74851e+00 -1.95531e+00
4.54400e+04 2.27000e+02 -1.72657e+00 -1.65734e+00 -1.79580e+00 -1.84342e+00 -1.74095e+00 -1.94588e+00
4.57600e+04 2.28000e+02 -1.64995e+00 -1.52953e+00 -1.77036e+00 -1.83499e+00 -1.73353e+00 -1.93645e+00
4.60800e+04 2.30000e+02 -1.67281e+00 -1.58733e+00 -1.75829e+00 -1.82668e+00 -1.72628e+00 -1.92708e+00
4.64000e+04 2.32000e+02 -1.71783e+00 -1.61672e+00 -1.81894e+00 -1.81851e+00 -1.71921e+00 -1.91782e+00
4.67200e+04 2.33000e+02 -1.65876e+00 -1.55535e+00 -1.76217e+00 -1.81053e+00 -1.71233e+00 -1.90873e+00
4.70400e+04 2.35000e+02 -1.57264e+00 -1.46827e+00 -1.67700e+00 -1.80276e+00 -1.70568e+00 -1.89983e+00
4.73600e+04 2.36000e+02 -1.65415e+00 -1.60933e+00 -1.69898e+00 -1.79522e+00 -1.69926e+00 -1.89118e+00
4.76800e+04 2.38000e+02 -1.66755e+00 -1.57320e+00 -1.76190e+00 -1.78793e+00 -1.69308e+00 -1.88278e+00
4.80000e+04 2.40000e+02 -1.56593e+00 -1.46201e+00 -1.66985e+00 -1.78091e+00 -1.68714e+00 -1.87468e+00
4.83200e+04 2.41000e+02 -1.61568e+00 -1.44353e+00 -1.78782e+00 -1.77416e+00 -1.68145e+00 -1.86687e+00
4.86400e+04 2.43000e+02 -1.66645e+00 -1.55893e+00 -1.77397e+00 -1.76769e+00 -1.67599e+00 -1.85938e+00
4.89600e+04 2.44000e+02 -1.60412e+00 -1.50762e+00 -1.70062e+00 -1.76150e+00 -1.67078e+00 -1.85221e+00
4.92800e+04 2.46000e+02 -1.64228e+00 -1.51100e+00 -1.77356e+00 -1.75557e+00 -1.66580e+00 -1.84534e+00
4.96000e+04 2.48000e+02 -1.62587e+00 -1.53458e+00 -1.71715e+00 -1.74991e+00 -1.66104e+00 -1.83877e+00
4.99200e+04 2.49000e+02 -1.70037e+00 -1.65093e+00 -1.74981e+00 -1.74448e+00 -1.65648e+00 -1.83249e+00
5.02400e+04 2.51000e+02 -1.78947e+00 -1.67422e+00 -1.90473e+00 -1.73929e+00 -1.65211e+00 -1.82647e+00
5.05600e+04 2.52000e+02 -1.67702e+00 -1.66031e+00 -1.69373e+00 -1.73430e+00 -1.64790e+00 -1.82069e+00
5.08800e+04 2.54000e+02 -1.67664e+00 -1.52607e+00 -1.82722e+00 -1.72947e+00 -1.64383e+00 -1.81512e+00
5.12000e+04 2.56000e+02 -1.63055e+00 -1.52519e+00 -1.73592e+00 -1.72480e+00 -1.63987e+00 -1.80974e+00
5.15200e+04 2.57000e+02 -1.61127e+00 -1.45628e+00 -1.76626e+00 -1.72025e+00 -1.63596e+00 -1.80454e+00
5.18400e+04 2.59000e+02 -1.67296e+00 -1.55818e+00 -1.78774e+00 -1.71580e+00 -1.63209e+00 -1.79951e+00
5.21600e+04 2.60000e+02 -1.61445e+00 -1.48244e+00 -1.74646e+00 -1.71145e+00 -1.62825e+00 -1.79465e+00
5.24800e+04 2.62000e+02 -1.64577e+00 -1.59587e+00 -1.69567e+00 -1.70718e+00 -1.62439e+00 -1.78997e+00
5.28000e+04 2.64000e+02 -1.58266e+00 -1.39709e+00 -1.76823e+00 -1.70300e+00 -1.62052e+00 -1.78549e+00
5.31200e+04 2.65000e+02 -1.64837e+00 -1.55795e+00 -1.73878e+00 -1.69893e+00 -1.61664e+00 -1.78122e+00
5.34400e+04 2.67000e+02 -1.64149e+00 -1.46335e+00 -1.81964e+00 -1.69499e+00 -1.61277e+00 -1.77720e+00
5.37600e+04 2.68000e+02 -1.67237e+00 -1.53621e+00 -1.80854e+00 -1.69118e+00 -1.60892e+00 -1.77345e+00
5.40800e+04 2.70000e+02 -1.66175e+00 -1.53842e+00 -1.78509e+00 -1.68754e+00 -1.60510e+00 -1.76997e+00
5.44000e+04 2.72000e+02 -1.55231e+00 -1.48027e+00 -1.62435e+00 -1.68407e+00 -1.60137e+00 -1.76676e+00
5.47200e+04 2.73000e+02 -1.57040e+00 -1.41664e+00 -1.72416e+00 -1.68078e+00 -1.59773e+00 -1.76383e+00
5.50400e+04 2.75000e+02 -1.70127e+00 -1.54290e+00 -1.85965e+00 -1.67768e+00 -1.59420e+00 -1.76116e+00
5.53600e+04 2.76000e+02 -1.55650e+00 -1.46828e+00 -1.64473e+00 -1.67476e+00 -1.59080e+00 -1.75871e+00
5.56800e+04 2.78000e+02 -1.64729e+00 -1.47170e+00 -1.82288e+00 -1.67200e+00 -1.58753e+00 -1.75648e+00
5.60000e+04 2.80000e+02 -1.71525e+00 -1.62626e+00 -1.80425e+00 -1.66940e+00 -1.58439e+00 -1.75441e+00
5.63200e+04 2.81000e+02 -1.68328e+00 -1.54638e+00 -1.82018e+00 -1.66693e+00 -1.58137e+00 -1.75249e+00
5.66400e+04 2.83000e+02 -1.73652e+00 -1.56131e+00 -1.91173e+00 -1.66458e+00 -1.57846e+00 -1.75070e+00
5.69600e+04 2.84000e+02 -1.69098e+00 -1.50903e+00 -1.87293e+00 -1.66232e+00 -1.57564e+00 -1.74899e+00
5.72800e+04 2.86000e+02 -1.61460e+00 -1.47358e+00 -1.75562e+00 -1.66013e+00 -1.57291e+00 -1.74735e+00
5.76000e+04 2.88000e+02 -1.62190e+00 -1.49990e+00 -1.74390e+00 -1.65800e+00 -1.57023e+00 -1.74576e+00
5.79200e+04 2.89000e+02 -1.49573e+00 -1.46515e+00 -1.52631e+00 -1.65591e+00 -1.56762e+00 -1.74420e+00
5.82400e+04 2.91000e+02 -1.56040e+00 -1.46337e+00 -1.65742e+00 -1.65386e+00 -1.56507e+00 -1.74265e+00
5.85600e+04 2.92000e+02 -1.55964e+00 -1.50959e+00 -1.60968e+00 -1.65185e+00 -1.56257e+00 -1.74114e+00
5.88800e+04 2.94000e+02 -1.56341e+00 -1.45341e+00 -1.67342e+00 -1.64990e+00 -1.56015e+00 -1.73964e+00
5.92000e+04 2.96000e+02 -1.50001e+00 -1.46819e+00 -1.53182e+00 -1.64801e+00 -1.55782e+00 -1.73819e+00
5.95200e+04 2.97000e+02 -1.52536e+00 -1.43613e+00 -1.61460e+00 -1.64620e+00 -1.55561e+00 -1.73679e+00
5.98400e+04 2.99000e+02 -1.56563e+00 -1.46873e+00 -1.66252e+00 -1.64449e+00 -1.55351e+00 -1.73547e+00
6.01600e+04 3.00000e+02 -1.56118e+00 -1.39999e+00 -1.72237e+00 -1.64288e+00 -1.55154e+00 -1.73423e+00
6.04800e+04 3.02000e+02 -1.59046e+00 -1.55299e+00 -1.62792e+00 -1.64141e+00 -1.54971e+00 -1.73310e+00
6.08000e+04 3.04000e+02 -1.49555e+00 -1.42965e+00 -1.56144e+00 -1.64005e+00 -1.54802e+00 -1.73208e+00
6.11200e+04 3.05000e+02 -1.56243e+00 -1.49986e+00 -1.62500e+00 -1.63879e+00 -1.54642e+00 -1.73116e+00
6.14400e+04 3.07000e+02 -1.59618e+00 -1.51235e+00 -1.68001e+00 -1.63761e+00 -1.54492e+00 -1.73030e+00
6.17600e+04 3.08000e+02 -1.44986e+00 -1.34656e+00 -1.55315e+00 -1.63648e+00 -1.54347e+00 -1.72949e+00
6.20800e+04 3.10000e+02 -1.53021e+00 -1.44929e+00 -1.61114e+00 -1.63536e+00 -1.54205e+00 -1.72867e+00
6.24000e+04 3.12000e+02 -1.44658e+00 -1.38795e+00 -1.50520e+00 -1.63420e+00 -1.54061e+00 -1.72780e+00
6.27200e+04 3.13000e+02 -1.42826e+00 -1.35532e+00 -1.50121e+00 -1.63297e+00 -1.53913e+00 -1.72682e+00
6.30400e+04 3.15000e+02 -1.50869e+00 -1.42869e+00 -1.58869e+00 -1.63164e+00 -1.53758e+00 -1.72569e+00
6.33600e+04 3.16000e+02 -1.51197e+00 -1.45520e+00 -1.56875e+00 -1.63016e+00 -1.53595e+00 -1.72437e+00
6.36800e+04 3.18000e+02 -1.47767e+00 -1.40054e+00 -1.55481e+00 -1.62851e+00 -1.53423e+00 -1.72280e+00
6.40000e+04 3.20000e+02 -1.49902e+00 -1.44546e+00 -1.55259e+00 -1.62668e+00 -1.53242e+00 -1.72094e+00
6.43200e+04 3.21000e+02 -1.52450e+00 -1.48169e+00 -1.56730e+00 -1.62465e+00 -1.53053e+00 -1.71878e+00
6.46400e+04 3.23000e+02 -1.52073e+00 -1.42188e+00 -1.61958e+00 -1.62242e+00 -1.52854e+00 -1.71630e+00
6.49600e+04 3.24000e+02 -1.55785e+00 -1.49606e+00 -1.61964e+00 -1.61997e+00 -1.52648e+00 -1.71346e+00
6.52800e+04 3.26000e+02 -1.46877e+00 -1.40732e+00 -1.53021e+00 -1.61730e+00 -1.52433e+00 -1.71026e+00
6.56000e+04 3.28000e+02 -1.49412e+00 -1.45092e+00 -1.53732e+00 -1.61440e+00 -1.52211e+00 -1.70669e+00
6.59200e+04 3.29000e+02 -1.56518e+00 -1.47960e+00 -1.65076e+00 -1.61127e+00 -1.51979e+00 -1.70275e+00
6.62400e+04 3.31000e+02 -1.51597e+00 -1.43234e+00 -1.59961e+00 -1.60790e+00 -1.51737e+00 -1.69843e+00
6.65600e+04 3.32000e+02 -1.52525e+00 -1.44205e+00 -1.60845e+00 -1.60428e+00 -1.51482e+00 -1.69374e+00
6.68800e+04 3.34000e+02 -1.57172e+00 -1.48530e+00 -1.65815e+00 -1.60042e+00 -1.51213e+00 -1.68871e+00
6.72000e+04 3.36000e+02 -1.49492e+00 -1.35883e+00 -1.63102e+00 -1.59633e+00 -1.50930e+00 -1.68336e+00
6.75200e+04 3.37000e+02 -1.48423e+00 -1.39307e+00 -1.57538e+00 -1.59202e+00 -1.50631e+00 -1.67772e+00
6.78400e+04 3.39000e+02 -1.46072e+00 -1.39000e+00 -1.53145e+00 -1.58751e+00 -1.50318e+00 -1.67184e+00
6.81600e+04 3.40000e+02 -1.48615e+00 -1.41340e+00 -1.55890e+00 -1.58284e+00 -1.49992e+00 -1.66577e+00
6.84800e+04 3.42000e+02 -1.52960e+00 -1.36501e+00 -1.69419e+00 -1.57806e+00 -1.49655e+00 -1.65957e+00
6.88000e+04 3.44000e+02 -1.49246e+00 -1.38290e+00 -1.60201e+00 -1.57322e+00 -1.49311e+00 -1.65332e+00
6.91200e+04 3.45000e+02 -1.45120e+00 -1.39245e+00 -1.50995e+00 -1.56836e+00 -1.48963e+00 -1.64708e+00
6.94400e+04 3.47000e+02 -1.45392e+00 -1.43676e+00 -1.47108e+00 -1.56354e+00 -1.48616e+00 -1.64092e+00
6.97600e+04 3.48000e+02 -1.44218e+00 -1.38775e+00 -1.49661e+00 -1.55882e+00 -1.48273e+00 -1.63492e+00
7.00800e+04 3.50000e+02 -1.50355e+00 -1.45821e+00 -1.54890e+00 -1.55425e+00 -1.47938e+00 -1.62913e+00
7.04000e+04 3.52000e+02 -1.49054e+00 -1.46630e+00 -1.51478e+00 -1.54987e+00 -1.47612e+00 -1.62361e+00
7.07200e+04 3.53000e+02 -1.45938e+00 -1.39055e+00 -1.52821e+00 -1.54571e+00 -1.47301e+00 -1.61840e+00
7.10400e+04 3.55000e+02 -1.45287e+00 -1.41633e+00 -1.48942e+00 -1.54178e+00 -1.47005e+00 -1.61352e+00
7.13600e+04 3.56000e+02 -1.42702e+00 -1.36855e+00 -1.48549e+00 -1.53812e+00 -1.46723e+00 -1.60900e+00
7.16800e+04 3.58000e+02 -1.43061e+00 -1.40901e+00 -1.45221e+00 -1.53470e+00 -1.46457e+00 -1.60483e+00
7.20000e+04 3.60000e+02 -1.44612e+00 -1.34084e+00 -1.55139e+00 -1.53152e+00 -1.46204e+00 -1.60100e+00
7.23200e+04 3.61000e+02 -1.48453e+00 -1.42043e+00 -1.54863e+00 -1.52857e+00 -1.45965e+00 -1.59748e+00
7.26400e+04 3.63000e+02 -1.41886e+00 -1.32158e+00 -1.51613e+00 -1.52582e+00 -1.45739e+00 -1.59425e+00
7.29600e+04 3.64000e+02 -1.49192e+00 -1.40465e+00 -1.57919e+00 -1.52324e+00 -1.45522e+00 -1.59127e+00
7.32800e+04 3.66000e+02 -1.41062e+00 -1.31825e+00 -1.50298e+00 -1.52082e+00 -1.45314e+00 -1.58849e+00
7.36000e+04 3.68000e+02 -1.43690e+00 -1.35496e+00 -1.51884e+00 -1.51850e+00 -1.45113e+00 -1.58586e+00
7.39200e+04 3.69000e+02 -1.42953e+00 -1.36941e+00 -1.48965e+00 -1.51626e+00 -1.44918e+00 -1.58334e+00
7.42400e+04 3.71000e+02 -1.45409e+00 -1.39905e+00 -1.50912e+00 -1.51406e+00 -1.44726e+00 -1.58087e+00
7.45600e+04 3.72000e+02 -1.37186e+00 -1.31612e+00 -1.42760e+00 -1.51188e+00 -1.44536e+00 -1.57840e+00
7.48800e+04 3.74000e+02 -1.41706e+00 -1.28115e+00 -1.55297e+00 -1.50968e+00 -1.44347e+00 -1.57589e+00
7.52000e+04 3.76000e+02 -1.43131e+00 -1.37914e+00 -1.48349e+00 -1.50743e+00 -1.44156e+00 -1.57330e+00
7.55200e+04 3.77000e+02 -1.40943e+00 -1.36296e+00 -1.45590e+00 -1.50511e+00 -1.43961e+00 -1.57061e+00
7.58400e+04 3.79000e+02 -1.48246e+00 -1.42956e+00 -1.53535e+00 -1.50271e+00 -1.43762e+00 -1.56780e+00
7.61600e+04 3.80000e+02 -1.42347e+00 -1.40278e+00 -1.44416e+00 -1.50022e+00 -1.43556e+00 -1.56488e+00
7.64800e+04 3.82000e+02 -1.44174e+00 -1.36901e+00 -1.51447e+00 -1.49764e+00 -1.43343e+00 -1.56184e+00
7.68000e+04 3.84000e+02 -1.43310e+00 -1.38796e+00 -1.47823e+00 -1.49496e+00 -1.43121e+00 -1.55870e+00
7.71200e+04 3.85000e+02 -1.43072e+00 -1.31804e+00 -1.54341e+00 -1.49219e+00 -1.42889e+00 -1.55548e+00
7.74400e+04 3.87000e+02 -1.40614e+00 -1.33861e+00 -1.47366e+00 -1.48934e+00 -1.42647e+00 -1.55221e+00
7.77600e+04 3.88000e+02 -1.40030e+00 -1.37495e+00 -1.42565e+00 -1.48643e+00 -1.42396e+00 -1.54890e+00
7.80800e+04 3.90000e+02 -1.43776e+00 -1.37073e+00 -1.50479e+00 -1.48347e+00 -1.42136e+00 -1.54558e+00
7.84000e+04 3.92000e+02 -1.40966e+00 -1.32602e+00 -1.49330e+00 -1.48047e+00 -1.41868e+00 -1.54226e+00
7.87200e+04 3.93000e+02 -1.48552e+00 -1.36999e+00 -1.60104e+00 -1.47746e+00 -1.41595e+00 -1.53897e+00
7.90400e+04 3.95000e+02 -1.44998e+00 -1.37468e+00 -1.52529e+00 -1.47444e+00 -1.41316e+00 -1.53571e+00
7.93600e+04 3.96000e+02 -1.33245e+00 -1.28328e+00 -1.38162e+00 -1.47143e+00 -1.41038e+00 -1.53249e+00
7.96800e+04 3.98000e+02 -1.38364e+00 -1.32693e+00 -1.44034e+00 -1.46845e+00 -1.40759e+00 -1.52932e+00
8.00000e+04 4.00000e+02 -1.41679e+00 -1.39355e+00 -1.44003e+00 -1.46552e+00 -1.40484e+00 -1.52620e+00
8.03200e+04 4.01000e+02 -1.34248e+00 -1.23686e+00 -1.44810e+00 -1.46264e+00 -1.40216e+00 -1.52312e+00
8.06400e+04 4.03000e+02 -1.37464e+00 -1.29374e+00 -1.45553e+00 -1.45983e+00 -1.39956e+00 -1.52010e+00
8.09600e+04 4.04000e+02 -1.40917e+00 -1.36388e+00 -1.45446e+00 -1.45710e+00 -1.39707e+00 -1.51713e+00
8.12800e+04 4.06000e+02 -1.37038e+00 -1.30063e+00 -1.44014e+00 -1.45446e+00 -1.39470e+00 -1.51422e+00
8.16000e+04 4.08000e+02 -1.38800e+00 -1.34960e+00 -1.42640e+00 -1.45192e+00 -1.39246e+00 -1.51138e+00
8.19200e+04 4.09000e+02 -1.40271e+00 -1.35571e+00 -1.44971e+00 -1.44949e+00 -1.39037e+00 -1.50861e+00
8.22400e+04 4.11000e+02 -1.44329e+00 -1.38518e+00 -1.50140e+00 -1.44714e+00 -1.38838e+00 -1.50590e+00
8.25600e+04 4.12000e+02 -1.40810e+00 -1.36080e+00 -1.45539e+00 -1.44491e+00 -1.38653e+00 -1.50329e+00
8.28800e+04 4.14000e+02 -1.36616e+00 -1.31321e+00 -1.41911e+00 -1.44277e+00 -1.38478e+00 -1.50076e+00
8.32000e+04 4.16000e+02 -1.37742e+00 -1.31273e+00 -1.44211e+00 -1.44070e+00 -1.38310e+00 -1.49830e+00
8.35200e+04 4.17000e+02 -1.34103e+00 -1.24368e+00 -1.43838e+00 -1.43870e+00 -1.38149e+00 -1.49592e+00
8.38400e+04 4.19000e+02 -1.42591e+00 -1.33363e+00 -1.51820e+00 -1.43676e+00 -1.37991e+00 -1.49361e+00
8.41600e+04 4.20000e+02 -1.39477e+00 -1.33415e+00 -1.45538e+00 -1.43485e+00 -1.37834e+00 -1.49136e+00
8.44800e+04 4.22000e+02 -1.36582e+00 -1.33958e+00 -1.39207e+00 -1.43295e+00 -1.37676e+00 -1.48914e+00
8.48000e+04 4.24000e+02 -1.38431e+00 -1.32367e+00 -1.44496e+00 -1.43106e+00 -1.37517e+00 -1.48695e+00
8.51200e+04 4.25000e+02 -1.36186e+00 -1.35305e+00 -1.37067e+00 -1.42915e+00 -1.37355e+00 -1.48474e+00
8.54400e+04 4.27000e+02 -1.30641e+00 -1.24730e+00 -1.36552e+00 -1.42722e+00 -1.37192e+00 -1.48253e+00
8.57600e+04 4.28000e+02 -1.37513e+00 -1.36260e+00 -1.38765e+00 -1.42528e+00 -1.37027e+00 -1.48028e+00
8.60800e+04 4.30000e+02 -1.39635e+00 -1.36114e+00 -1.43156e+00 -1.42330e+00 -1.36862e+00 -1.47799e+00
8.64000e+04 4.32000e+02 -1.37452e+00 -1.28383e+00 -1.46522e+00 -1.42132e+00 -1.36697e+00 -1.47566e+00
8.67200e+04 4.33000e+02 -1.38576e+00 -1.36473e+00 -1.40679e+00 -1.41932e+00 -1.36534e+00 -1.47330e+00
8.70400e+04 4.35000e+02 -1.35778e+00 -1.33821e+00 -1.37735e+00 -1.41732e+00 -1.36372e+00 -1.47091e+00
8.73600e+04 4.36000e+02 -1.39806e+00 -1.36439e+00 -1.43172e+00 -1.41532e+00 -1.36213e+00 -1.46851e+00
8.76800e+04 4.38000e+02 -1.44235e+00 -1.37347e+00 -1.51123e+00 -1.41335e+00 -1.36058e+00 -1.46612e+00
8.80000e+04 4.40000e+02 -1.40878e+00 -1.33320e+00 -1.48435e+00 -1.41139e+00 -1.35906e+00 -1.46373e+00
8.83200e+04 4.41000e+02 -1.42105e+00 -1.34093e+00 -1.50117e+00 -1.40947e+00 -1.35759e+00 -1.46136e+00
8.86400e+04 4.43000e+02 -1.38911e+00 -1.36138e+00 -1.41683e+00 -1.40759e+00 -1.35618e+00 -1.45900e+00
8.89600e+04 4.44000e+02 -1.34539e+00 -1.27727e+00 -1.41350e+00 -1.40574e+00 -1.35482e+00 -1.45666e+00
8.92800e+04 4.46000e+02 -1.36212e+00 -1.27707e+00 -1.44716e+00 -1.40395e+00 -1.35356e+00 -1.45434e+00
8.96000e+04 4.48000e+02 -1.33606e+00 -1.28545e+00 -1.38667e+00 -1.40219e+00 -1.35237e+00 -1.45201e+00
8.99200e+04 4.49000e+02 -1.35111e+00 -1.33656e+00 -1.36567e+00 -1.40049e+00 -1.35128e+00 -1.44970e+00
9.02400e+04 4.51000e+02 -1.41044e+00 -1.30948e+00 -1.51140e+00 -1.39885e+00 -1.35030e+00 -1.44739e+00
9.05600e+04 4.52000e+02 -1.38138e+00 -1.33275e+00 -1.43001e+00 -1.39726e+00 -1.34942e+00 -1.44510e+00
9.08800e+04 4.54000e+02 -1.36816e+00 -1.32831e+00 -1.40800e+00 -1.39574e+00 -1.34867e+00 -1.44282e+00
9.12000e+04 4.56000e+02 -1.33378e+00 -1.28415e+00 -1.38342e+00 -1.39430e+00 -1.34802e+00 -1.44057e+00
9.15200e+04 4.57000e+02 -1.29968e+00 -1.22437e+00 -1.37499e+00 -1.39293e+00 -1.34750e+00 -1.43837e+00
9.18400e+04 4.59000e+02 -1.33634e+00 -1.25427e+00 -1.41841e+00 -1.39164e+00 -1.34707e+00 -1.43621e+00
9.21600e+04 4.60000e+02 -1.33863e+00 -1.28725e+00 -1.39001e+00 -1.39042e+00 -1.34672e+00 -1.43412e+00
9.24800e+04 4.62000e+02 -1.37510e+00 -1.33618e+00 -1.41402e+00 -1.38927e+00 -1.34644e+00 -1.43209e+00
9.28000e+04 4.64000e+02 -1.30588e+00 -1.20639e+00 -1.40537e+00 -1.38816e+00 -1.34620e+00 -1.43013e+00
9.31200e+04 4.65000e+02 -1.34324e+00 -1.33523e+00 -1.35125e+00 -1.38711e+00 -1.34597e+00 -1.42824e+00
9.34400e+04 4.67000e+02 -1.32897e+00 -1.32009e+00 -1.33784e+00 -1.38607e+00 -1.34573e+00 -1.42641e+00
9.37600e+04 4.68000e+02 -1.35190e+00 -1.31119e+00 -1.39261e+00 -1.38505e+00 -1.34545e+00 -1.42465e+00
9.40800e+04 4.70000e+02 -1.35490e+00 -1.32751e+00 -1.38228e+00 -1.38403e+00 -1.34511e+00 -1.42294e+00
9.44000e+04 4.72000e+02 -1.35798e+00 -1.33308e+00 -1.38288e+00 -1.38298e+00 -1.34468e+00 -1.42129e+00
9.47200e+04 4.73000e+02 -1.35130e+00 -1.33805e+00 -1.36454e+00 -1.38191e+00 -1.34415e+00 -1.41967e+00
9.50400e+04 4.75000e+02 -1.36135e+00 -1.30339e+00 -1.41930e+00 -1.38079e+00 -1.34350e+00 -1.41808e+00
9.53600e+04 4.76000e+02 -1.31231e+00 -1.25950e+00 -1.36512e+00 -1.37961e+00 -1.34273e+00 -1.41650e+00
9.56800e+04 4.78000e+02 -1.32127e+00 -1.29120e+00 -1.35134e+00 -1.37837e+00 -1.34181e+00 -1.41493e+00
9.60000e+04 4.80000e+02 -1.33411e+00 -1.22867e+00 -1.43954e+00 -1.37705e+00 -1.34076e+00 -1.41334e+00
9.63200e+04 4.81000e+02 -1.38380e+00 -1.33823e+00 -1.42936e+00 -1.37565e+00 -1.33958e+00 -1.41173e+00
9.66400e+04 4.83000e+02 -1.35659e+00 -1.33785e+00 -1.37533e+00 -1.37417e+00 -1.33826e+00 -1.41007e+00
9.69600e+04 4.84000e+02 -1.33592e+00 -1.31153e+00 -1.36032e+00 -1.37260e+00 -1.33684e+00 -1.40836e+00
9.72800e+04 4.86000e+02 -1.33423e+00 -1.30100e+00 -1.36746e+00 -1.37096e+00 -1.33533e+00 -1.40659e+00
9.76000e+04 4.88000e+02 -1.35360e+00 -1.26286e+00 -1.44435e+00 -1.36925e+00 -1.33376e+00 -1.40474e+00
9.79200e+04 4.89000e+02 -1.36513e+00 -1.36179e+00 -1.36847e+00 -1.36749e+00 -1.33213e+00 -1.40284e+00
9.82400e+04 4.91000e+02 -1.37782e+00 -1.32703e+00 -1.42861e+00 -1.36569e+00 -1.33050e+00 -1.40087e+00
9.85600e+04 4.92000e+02 -1.29690e+00 -1.26352e+00 -1.33027e+00 -1.36386e+00 -1.32888e+00 -1.39884e+00
9.88800e+04 4.94000e+02 -1.40364e+00 -1.32770e+00 -1.47959e+00 -1.36202e+00 -1.32727e+00 -1.39677e+00
9.92000e+04 4.96000e+02 -1.33156e+00 -1.26618e+00 -1.39694e+00 -1.36019e+00 -1.32570e+00 -1.39468e+00
9.95200e+04 4.97000e+02 -1.31977e+00 -1.23543e+00 -1.40411e+00 -1.35838e+00 -1.32416e+00 -1.39260e+00
9.98400e+04 4.99000e+02 -1.27099e+00 -1.21077e+00 -1.33121e+00 -1.35661e+00 -1.32268e+00 -1.39054e+00
1.00160e+05 5.00000e+02 -1.26358e+00 -1.21522e+00 -1.31195e+00 -1.35489e+00 -1.32126e+00 -1.38852e+00
1.00480e+05 5.02000e+02 -1.34895e+00 -1.30027e+00 -1.39763e+00 -1.35324e+00 -1.31990e+00 -1.38658e+00
1.00800e+05 5.04000e+02 -1.30691e+00 -1.23441e+00 -1.37942e+00 -1.35166e+00 -1.31860e+00 -1.38473e+00
1.01120e+05 5.05000e+02 -1.34385e+00 -1.30587e+00 -1.38183e+00 -1.35019e+00 -1.31738e+00 -1.38299e+00
1.01440e+05 5.07000e+02 -1.33599e+00 -1.29475e+00 -1.37724e+00 -1.34881e+00 -1.31624e+00 -1.38139e+00
1.01760e+05 5.08000e+02 -1.29372e+00 -1.23041e+00 -1.35704e+00 -1.34755e+00 -1.31519e+00 -1.37991e+00
1.02080e+05 5.10000e+02 -1.33703e+00 -1.27280e+00 -1.40126e+00 -1.34642e+00 -1.31424e+00 -1.37859e+00
1.02400e+05 5.12000e+02 -1.27661e+00 -1.20292e+00 -1.35030e+00 -1.34539e+00 -1.31338e+00 -1.37741e+00
1.02720e+05 5.13000e+02 -1.28489e+00 -1.22483e+00 -1.34494e+00 -1.34448e+00 -1.31260e+00 -1.37636e+00
1.03040e+05 5.15000e+02 -1.27900e+00 -1.24452e+00 -1.31348e+00 -1.34366e+00 -1.31190e+00 -1.37543e+00
1.03360e+05 5.16000e+02 -1.27375e+00 -1.19511e+00 -1.35239e+00 -1.34293e+00 -1.31125e+00 -1.37460e+00
1.03680e+05 5.18000e+02 -1.25634e+00 -1.21466e+00 -1.29802e+00 -1.34224e+00 -1.31064e+00 -1.37385e+00
1.04000e+05 5.20000e+02 -1.24162e+00 -1.19837e+00 -1.28488e+00 -1.34159e+00 -1.31003e+00 -1.37314e+00
1.04320e+05 5.21000e+02 -1.30405e+00 -1.26770e+00 -1.34040e+00 -1.34094e+00 -1.30942e+00 -1.37246e+00
1.04640e+05 5.23000e+02 -1.28902e+00 -1.23726e+00 -1.34078e+00 -1.34027e+00 -1.30877e+00 -1.37178e+00
1.04960e+05 5.24000e+02 -1.28888e+00 -1.26179e+00 -1.31597e+00 -1.33957e+00 -1.30806e+00 -1.37108e+00
1.05280e+05 5.26000e+02 -1.27480e+00 -1.20665e+00 -1.34295e+00 -1.33880e+00 -1.30726e+00 -1.37034e+00
1.05600e+05 5.28000e+02 -1.26912e+00 -1.17868e+00 -1.35955e+00 -1.33796e+00 -1.30639e+00 -1.36954e+00
1.05920e+05 5.29000e+02 -1.29693e+00 -1.24788e+00 -1.34598e+00 -1.33704e+00 -1.30540e+00 -1.36868e+00
1.06240e+05 5.31000e+02 -1.27584e+00 -1.23414e+00 -1.31755e+00 -1.33602e+00 -1.30431e+00 -1.36773e+00
1.06560e+05 5.32000e+02 -1.25497e+00 -1.21700e+00 -1.29294e+00 -1.33490e+00 -1.30310e+00 -1.36670e+00
1.06880e+05 5.34000e+02 -1.32182e+00 -1.26652e+00 -1.37712e+00 -1.33368e+00 -1.30178e+00 -1.36557e+00
1.07200e+05 5.36000e+02 -1.31753e+00 -1.25138e+00 -1.38369e+00 -1.33234e+00 -1.30034e+00 -1.36433e+00
1.07520e+05 5.37000e+02 -1.30400e+00 -1.22954e+00 -1.37847e+00 -1.33088e+00 -1.29878e+00 -1.36298e+00
1.07840e+05 5.39000e+02 -1.25307e+00 -1.20653e+00 -1.29961e+00 -1.32932e+00 -1.29712e+00 -1.36153e+00
1.08160e+05 5.40000e+02 -1.30034e+00 -1.23054e+00 -1.37013e+00 -1.32766e+00 -1.29536e+00 -1.35996e+00
1.08480e+05 5.42000e+02 -1.26108e+00 -1.23154e+00 -1.29062e+00 -1.32591e+00 -1.29353e+00 -1.35829e+00
1.08800e+05 5.44000e+02 -1.27977e+00 -1.26710e+00 -1.29245e+00 -1.32408e+00 -1.29163e+00 -1.35654e+00
1.09120e+05 5.45000e+02 -1.29049e+00 -1.23935e+00 -1.34164e+00 -1.32220e+00 -1.28969e+00 -1.35471e+00
1.09440e+05 5.47000e+02 -1.22728e+00 -1.17643e+00 -1.27813e+00 -1.32028e+00 -1.28774e+00 -1.35283e+00
1.09760e+05 5.48000e+02 -1.27919e+00 -1.21557e+00 -1.34281e+00 -1.31836e+00 -1.28579e+00 -1.35093e+00
1.10080e+05 5.50000e+02 -1.31941e+00 -1.29495e+00 -1.34387e+00 -1.31646e+00 -1.28388e+00 -1.34903e+00
1.10400e+05 5.52000e+02 -1.27702e+00 -1.26233e+00 -1.29171e+00 -1.31460e+00 -1.28202e+00 -1.34717e+00
1.10720e+05 5.53000e+02 -1.31080e+00 -1.30327e+00 -1.31833e+00 -1.31281e+00 -1.28023e+00 -1.34539e+00
1.11040e+05 5.55000e+02 -1.29956e+00 -1.27008e+00 -1.32903e+00 -1.31110e+00 -1.27851e+00 -1.34369e+00
1.11360e+05 5.56000e+02 -1.24950e+00 -1.19403e+00 -1.30498e+00 -1.30949e+00 -1.27687e+00 -1.34211e+00
1.11680e+05 5.58000e+02 -1.27722e+00 -1.25526e+00 -1.29918e+00 -1.30798e+00 -1.27532e+00 -1.34064e+00
1.12000e+05 5.60000e+02 -1.24613e+00 -1.21993e+00 -1.27234e+00 -1.30657e+00 -1.27384e+00 -1.33930e+00
1.12320e+05 5.61000e+02 -1.32382e+00 -1.25611e+00 -1.39154e+00 -1.30525e+00 -1.27242e+00 -1.33807e+00
1.12640e+05 5.63000e+02 -1.26254e+00 -1.22642e+00 -1.29866e+00 -1.30401e+00 -1.27105e+00 -1.33696e+00
1.12960e+05 5.64000e+02 -1.26673e+00 -1.22262e+00 -1.31085e+00 -1.30283e+00 -1.26971e+00 -1.33595e+00
1.13280e+05 5.66000e+02 -1.28649e+00 -1.18894e+00 -1.38405e+00 -1.30171e+00 -1.26840e+00 -1.33501e+00
1.13600e+05 5.68000e+02 -1.25444e+00 -1.23773e+00 -1.27115e+00 -1.30062e+00 -1.26710e+00 -1.33413e+00
1.13920e+05 5.69000e+02 -1.28492e+00 -1.25239e+00 -1.31745e+00 -1.29955e+00 -1.26581e+00 -1.33330e+00
1.14240e+05 5.71000e+02 -1.23557e+00 -1.20708e+00 -1.26406e+00 -1.29850e+00 -1.26453e+00 -1.33248e+00
1.14560e+05 5.72000e+02 -1.27112e+00 -1.25574e+00 -1.28650e+00 -1.29747e+00 -1.26325e+00 -1.33168e+00
1.14880e+05 5.74000e+02 -1.25064e+00 -1.20305e+00 -1.29824e+00 -1.29643e+00 -1.26199e+00 -1.33088e+00
1.15200e+05 5.76000e+02 -1.22376e+00 -1.20008e+00 -1.24744e+00 -1.29539e+00 -1.26073e+00 -1.33006e+00
1.15520e+05 5.77000e+02 -1.30822e+00 -1.22273e+00 -1.39371e+00 -1.29436e+00 -1.25949e+00 -1.32922e+00
1.15840e+05 5.79000e+02 -1.27867e+00 -1.21343e+00 -1.34390e+00 -1.29332e+00 -1.25828e+00 -1.32836e+00
1.16160e+05 5.80000e+02 -1.23301e+00 -1.22090e+00 -1.24512e+00 -1.29228e+00 -1.25708e+00 -1.32747e+00
1.16480e+05 5.82000e+02 -1.25494e+00 -1.21904e+00 -1.29084e+00 -1.29124e+00 -1.25592e+00 -1.32656e+00
1.16800e+05 5.84000e+02 -1.29953e+00 -1.28177e+00 -1.31729e+00 -1.29021e+00 -1.25479e+00 -1.32563e+00
1.17120e+05 5.85000e+02 -1.33779e+00 -1.28574e+00 -1.38984e+00 -1.28917e+00 -1.25369e+00 -1.32466e+00
1.17440e+05 5.87000e+02 -1.25609e+00 -1.20183e+00 -1.31036e+00 -1.28815e+00 -1.25263e+00 -1.32367e+00
1.17760e+05 5.88000e+02 -1.25281e+00 -1.19803e+00 -1.30758e+00 -1.28712e+00 -1.25160e+00 -1.32264e+00
1.18080e+05 5.90000e+02 -1.27643e+00 -1.24404e+00 -1.30882e+00 -1.28609e+00 -1.25059e+00 -1.32160e+00
1.18400e+05 5.92000e+02 -1.23828e+00 -1.17786e+00 -1.29870e+00 -1.28507e+00 -1.24962e+00 -1.32053e+00
1.18720e+05 5.93000e+02 -1.27489e+00 -1.17670e+00 -1.37308e+00 -1.28405e+00 -1.24867e+00 -1.31943e+00
1.19040e+05 5.95000e+02 -1.28649e+00 -1.27870e+00 -1.29429e+00 -1.28303e+00 -1.24775e+00 -1.31830e+00
1.19360e+05 5.96000e+02 -1.31435e+00 -1.25753e+00 -1.37118e+00 -1.28201e+00 -1.24687e+00 -1.31715e+00
1.19680e+05 5.98000e+02 -1.23784e+00 -1.15917e+00 -1.31652e+00 -1.28100e+00 -1.24601e+00 -1.31598e+00
1.20000e+05 6.00000e+02 -1.32610e+00 -1.27964e+00 -1.37255e+00 -1.28000e+00 -1.24520e+00 -1.31480e+00
1.20320e+05 6.01000e+02 -1.26428e+00 -1.20391e+00 -1.32465e+00 -1.27902e+00 -1.24442e+00 -1.31362e+00
1.20640e+05 6.03000e+02 -1.26811e+00 -1.23027e+00 -1.30596e+00 -1.27807e+00 -1.24368e+00 -1.31245e+00
1.20960e+05 6.04000e+02 -1.24128e+00 -1.20537e+00 -1.27720e+00 -1.27714e+00 -1.24298e+00 -1.31129e+00
1.21280e+05 6.06000e+02 -1.23993e+00 -1.18193e+00 -1.29793e+00 -1.27624e+00 -1.24232e+00 -1.31017e+00
1.21600e+05 6.08000e+02 -1.25219e+00 -1.22118e+00 -1.28320e+00 -1.27539e+00 -1.24170e+00 -1.30908e+00
1.21920e+05 6.09000e+02 -1.23889e+00 -1.21685e+00 -1.26092e+00 -1.27456e+00 -1.24110e+00 -1.30803e+00
1.22240e+05 6.11000e+02 -1.31807e+00 -1.24257e+00 -1.39357e+00 -1.27378e+00 -1.24053e+00 -1.30704e+00
1.22560e+05 6.12000e+02 -1.26814e+00 -1.20323e+00 -1.33304e+00 -1.27303e+00 -1.23998e+00 -1.30609e+00
1.22880e+05 6.14000e+02 -1.23959e+00 -1.19298e+00 -1.28619e+00 -1.27232e+00 -1.23944e+00 -1.30521e+00
1.23200e+05 6.16000e+02 -1.25885e+00 -1.18812e+00 -1.32958e+00 -1.27164e+00 -1.23891e+00 -1.30438e+00
1.23520e+05 6.17000e+02 -1.22659e+00 -1.20602e+00 -1.24716e+00 -1.27099e+00 -1.23838e+00 -1.30360e+00
1.23840e+05 6.19000e+02 -1.26544e+00 -1.22236e+00 -1.30851e+00 -1.27036e+00 -1.23786e+00 -1.30286e+00
1.24160e+05 6.20000e+02 -1.26284e+00 -1.19138e+00 -1.33429e+00 -1.26975e+00 -1.23732e+00 -1.30218e+00
1.24480e+05 6.22000e+02 -1.23024e+00 -1.16683e+00 -1.29365e+00 -1.26916e+00 -1.23677e+00 -1.30156e+00
1.24800e+05 6.24000e+02 -1.23584e+00 -1.21988e+00 -1.25180e+00 -1.26859e+00 -1.23621e+00 -1.30096e+00
1.25120e+05 6.25000e+02 -1.19974e+00 -1.16887e+00 -1.23061e+00 -1.26801e+00 -1.23562e+00 -1.30040e+00
1.25440e+05 6.27000e+02 -1.22179e+00 -1.17465e+00 -1.26892e+00 -1.26744e+00 -1.23501e+00 -1.29987e+00
1.25760e+05 6.28000e+02 -1.24941e+00 -1.19836e+00 -1.30046e+00 -1.26687e+00 -1.23436e+00 -1.29939e+00
1.26080e+05 6.30000e+02 -1.26343e+00 -1.25707e+00 -1.26979e+00 -1.26630e+00 -1.23368e+00 -1.29892e+00
1.26400e+05 6.32000e+02 -1.24633e+00 -1.21356e+00 -1.27909e+00 -1.26573e+00 -1.23297e+00 -1.29849e+00
1.26720e+05 6.33000e+02 -1.23380e+00 -1.17493e+00 -1.29268e+00 -1.26515e+00 -1.23221e+00 -1.29808e+00
1.27040e+05 6.35000e+02 -1.24701e+00 -1.17588e+00 -1.31814e+00 -1.26456e+00 -1.23143e+00 -1.29769e+00
1.27360e+05 6.36000e+02 -1.29972e+00 -1.22229e+00 -1.37715e+00 -1.26396e+00 -1.23060e+00 -1.29731e+00
1.27680e+05 6.38000e+02 -1.19247e+00 -1.14128e+00 -1.24366e+00 -1.26334e+00 -1.22975e+00 -1.29693e+00
1.28000e+05 6.40000e+02 -1.26331e+00 -1.23887e+00 -1.28775e+00 -1.26271e+00 -1.22888e+00 -1.29654e+00
1.28320e+05 6.41000e+02 -1.21888e+00 -1.17858e+00 -1.25919e+00 -1.26206e+00 -1.22798e+00 -1.29613e+00
1.28640e+05 6.43000e+02 -1.24253e+00 -1.19544e+00 -1.28963e+00 -1.26138e+00 -1.22707e+00 -1.29569e+00
1.28960e+05 6.44000e+02 -1.25013e+00 -1.24541e+00 -1.25485e+00 -1.26068e+00 -1.22616e+00 -1.29520e+00
1.29280e+05 6.46000e+02 -1.27975e+00 -1.22052e+00 -1.33898e+00 -1.25995e+00 -1.22525e+00 -1.29465e+00
1.29600e+05 6.48000e+02 -1.29880e+00 -1.23480e+00 -1.36279e+00 -1.25919e+00 -1.22434e+00 -1.29404e+00
1.29920e+05 6.49000e+02 -1.24361e+00 -1.19388e+00 -1.29334e+00 -1.25842e+00 -1.22345e+00 -1.29338e+00
1.30240e+05 6.51000e+02 -1.25314e+00 -1.17859e+00 -1.32768e+00 -1.25762e+00 -1.22258e+00 -1.29266e+00
1.30560e+05 6.52000e+02 -1.30904e+00 -1.24092e+00 -1.37716e+00 -1.25681e+00 -1.22173e+00 -1.29189e+00
1.30880e+05 6.54000e+02 -1.22584e+00 -1.17857e+00 -1.27311e+00 -1.25599e+00 -1.22090e+00 -1.29108e+00
1.31200e+05 6.56000e+02 -1.33857e+00 -1.19290e+00 -1.48425e+00 -1.25516e+00 -1.22009e+00 -1.29023e+00
1.31520e+05 6.57000e+02 -1.25834e+00 -1.18186e+00 -1.33482e+00 -1.25434e+00 -1.21930e+00 -1.28937e+00
1.31840e+05 6.59000e+02 -1.24888e+00 -1.23756e+00 -1.26020e+00 -1.25352e+00 -1.21855e+00 -1.28850e+00
1.32160e+05 6.60000e+02 -1.23335e+00 -1.16972e+00 -1.29698e+00 -1.25272e+00 -1.21780e+00 -1.28764e+00
1.32480e+05 6.62000e+02 -1.23627e+00 -1.18797e+00 -1.28457e+00 -1.25194e+00 -1.21709e+00 -1.28680e+00
1.32800e+05 6.64000e+02 -1.25369e+00 -1.21720e+00 -1.29018e+00 -1.25119e+00 -1.21640e+00 -1.28599e+00
1.33120e+05 6.65000e+02 -1.21201e+00 -1.15602e+00 -1.26800e+00 -1.25048e+00 -1.21575e+00 -1.28522e+00
1.33440e+05 6.67000e+02 -1.26563e+00 -1.23234e+00 -1.29893e+00 -1.24982e+00 -1.21513e+00 -1.28451e+00
1.33760e+05 6.68000e+02 -1.22877e+00 -1.20971e+00 -1.24782e+00 -1.24920e+00 -1.21454e+00 -1.28387e+00
1.34080e+05 6.70000e+02 -1.23953e+00 -1.17512e+00 -1.30395e+00 -1.24865e+00 -1.21399e+00 -1.28330e+00
1.34400e+05 6.72000e+02 -1.21539e+00 -1.18050e+00 -1.25029e+00 -1.24816e+00 -1.21349e+00 -1.28284e+00
1.34720e+05 6.73000e+02 -1.24193e+00 -1.19634e+00 -1.28752e+00 -1.24774e+00 -1.21301e+00 -1.28248e+00
1.35040e+05 6.75000e+02 -1.22180e+00 -1.14636e+00 -1.29724e+00 -1.24740e+00 -1.21256e+00 -1.28223e+00
1.35360e+05 6.76000e+02 -1.24100e+00 -1.20977e+00 -1.27224e+00 -1.24712e+00 -1.21213e+00 -1.28211e+00
1.35680e+05 6.78000e+02 -1.24009e+00 -1.20077e+00 -1.27941e+00 -1.24690e+00 -1.21171e+00 -1.28210e+00
1.36000e+05 6.80000e+02 -1.27573e+00 -1.23616e+00 -1.31530e+00 -1.24675e+00 -1.21130e+00 -1.28220e+00
1.36320e+05 6.81000e+02 -1.26492e+00 -1.20891e+00 -1.32093e+00 -1.24664e+00 -1.21090e+00 -1.28238e+00
1.36640e+05 6.83000e+02 -1.28288e+00 -1.26400e+00 -1.30175e+00 -1.24657e+00 -1.21051e+00 -1.28263e+00
1.36960e+05 6.84000e+02 -1.23063e+00 -1.18282e+00 -1.27843e+00 -1.24652e+00 -1.21012e+00 -1.28292e+00
1.37280e+05 6.86000e+02 -1.21877e+00 -1.18678e+00 -1.25077e+00 -1.24650e+00 -1.20975e+00 -1.28324e+00
1.37600e+05 6.88000e+02 -1.22990e+00 -1.21227e+00 -1.24754e+00 -1.24647e+00 -1.20938e+00 -1.28355e+00
1.37920e+05 6.89000e+02 -1.21549e+00 -1.14884e+00 -1.28214e+00 -1.24643e+00 -1.20903e+00 -1.28383e+00
1.38240e+05 6.91000e+02 -1.26065e+00 -1.22267e+00 -1.29862e+00 -1.24637e+00 -1.20869e+00 -1.28406e+00
1.38560e+05 6.92000e+02 -1.27541e+00 -1.24804e+00 -1.30278e+00 -1.24629e+00 -1.20835e+00 -1.28423e+00
1.38880e+05 6.94000e+02 -1.23978e+00 -1.21789e+00 -1.26167e+00 -1.24617e+00 -1.20802e+00 -1.28432e+00
1.39200e+05 6.96000e+02 -1.26108e+00 -1.22994e+00 -1.29221e+00 -1.24603e+00 -1.20771e+00 -1.28435e+00
1.39520e+05 6.97000e+02 -1.22574e+00 -1.17071e+00 -1.28077e+00 -1.24585e+00 -1.20740e+00 -1.28430e+00
1.39840e+05 6.99000e+02 -1.22588e+00 -1.18200e+00 -1.26975e+00 -1.24564e+00 -1.20711e+00 -1.28418e+00
1.40160e+05 7.00000e+02 -1.22385e+00 -1.19003e+00 -1.25767e+00 -1.24542e+00 -1.20684e+00 -1.28400e+00
1.40480e+05 7.02000e+02 -1.21957e+00 -1.17702e+00 -1.26212e+00 -1.24519e+00 -1.20661e+00 -1.28378e+00
1.40800e+05 7.04000e+02 -1.23450e+00 -1.22088e+00 -1.24812e+00 -1.24496e+00 -1.20641e+00 -1.28351e+00
1.41120e+05 7.05000e+02 -1.24354e+00 -1.23414e+00 -1.25294e+00 -1.24473e+00 -1.20625e+00 -1.28322e+00
1.41440e+05 7.07000e+02 -1.22050e+00 -1.20126e+00 -1.23973e+00 -1.24453e+00 -1.20615e+00 -1.28292e+00
1.41760e+05 7.08000e+02 -1.25928e+00 -1.16875e+00 -1.34980e+00 -1.24435e+00 -1.20611e+00 -1.28259e+00
1.42080e+05 7.10000e+02 -1.22193e+00 -1.13936e+00 -1.30449e+00 -1.24421e+00 -1.20615e+00 -1.28228e+00
1.42400e+05 7.12000e+02 -1.26335e+00 -1.20098e+00 -1.32572e+00 -1.24411e+00 -1.20625e+00 -1.28197e+00
1.42720e+05 7.13000e+02 -1.22053e+00 -1.18689e+00 -1.25418e+00 -1.24404e+00 -1.20643e+00 -1.28165e+00
1.43040e+05 7.15000e+02 -1.23891e+00 -1.19653e+00 -1.28129e+00 -1.24402e+00 -1.20668e+00 -1.28136e+00
1.43360e+05 7.16000e+02 -1.24706e+00 -1.20781e+00 -1.28631e+00 -1.24402e+00 -1.20699e+00 -1.28106e+00
1.43680e+05 7.18000e+02 -1.18642e+00 -1.12209e+00 -1.25074e+00 -1.24405e+00 -1.20734e+00 -1.28076e+00
1.44000e+05 7.20000e+02 -1.25099e+00 -1.21279e+00 -1.28920e+00 -1.24409e+00 -1.20772e+00 -1.28045e+00
1.44320e+05 7.21000e+02 -1.23536e+00 -1.18521e+00 -1.28551e+00 -1.24412e+00 -1.20810e+00 -1.28013e+00
1.44640e+05 7.23000e+02 -1.19293e+00 -1.12486e+00 -1.26101e+00 -1.24413e+00 -1.20847e+00 -1.27979e+00
1.44960e+05 7.24000e+02 -1.21476e+00 -1.15461e+00 -1.27491e+00 -1.24411e+00 -1.20881e+00 -1.27941e+00
1.45280e+05 7.26000e+02 -1.21512e+00 -1.17497e+00 -1.25527e+00 -1.24403e+00 -1.20906e+00 -1.27900e+00
1.45600e+05 7.28000e+02 -1.25247e+00 -1.17510e+00 -1.32984e+00 -1.24390e+00 -1.20925e+00 -1.27855e+00
1.45920e+05 7.29000e+02 -1.23523e+00 -1.15571e+00 -1.31476e+00 -1.24369e+00 -1.20932e+00 -1.27806e+00
1.46240e+05 7.31000e+02 -1.24256e+00 -1.16658e+00 -1.31853e+00 -1.24341e+00 -1.20928e+00 -1.27753e+00
1.46560e+05 7.32000e+02 -1.19975e+00 -1.14772e+00 -1.25178e+00 -1.24305e+00 -1.20911e+00 -1.27698e+00
1.46880e+05 7.34000e+02 -1.22229e+00 -1.12868e+00 -1.31590e+00 -1.24260e+00 -1.20881e+00 -1.27639e+00
1.47200e+05 7.36000e+02 -1.25052e+00 -1.16945e+00 -1.33159e+00 -1.24208e+00 -1.20838e+00 -1.27578e+00
1.47520e+05 7.37000e+02 -1.24913e+00 -1.15904e+00 -1.33922e+00 -1.24149e+00 -1.20782e+00 -1.27516e+00
1.47840e+05 7.39000e+02 -1.26548e+00 -1.13539e+00 -1.39557e+00 -1.24084e+00 -1.20713e+00 -1.27455e+00
1.48160e+05 7.40000e+02 -1.24241e+00 -1.17290e+00 -1.31192e+00 -1.24014e+00 -1.20633e+00 -1.27395e+00
1.48480e+05 7.42000e+02 -1.27187e+00 -1.16770e+00 -1.37604e+00 -1.23940e+00 -1.20542e+00 -1.27338e+00
1.48800e+05 7.44000e+02 -1.21245e+00 -1.17447e+00 -1.25043e+00 -1.23863e+00 -1.20441e+00 -1.27286e+00
1.49120e+05 7.45000e+02 -1.24492e+00 -1.12466e+00 -1.36517e+00 -1.23786e+00 -1.20332e+00 -1.27240e+00
1.49440e+05 7.47000e+02 -1.21391e+00 -1.14510e+00 -1.28272e+00 -1.23708e+00 -1.20215e+00 -1.27201e+00
1.49760e+05 7.48000e+02 -1.21953e+00 -1.16648e+00 -1.27258e+00 -1.23632e+00 -1.20093e+00 -1.27171e+00
1.50080e+05 7.50000e+02 -1.18714e+00 -1.12062e+00 -1.25367e+00 -1.23559e+00 -1.19966e+00 -1.27152e+00
1.50400e+05 7.52000e+02 -1.21529e+00 -1.14695e+00 -1.28362e+00 -1.23490e+00 -1.19835e+00 -1.27145e+00
1.50720e+05 7.53000e+02 -1.20220e+00 -1.15753e+00 -1.24687e+00 -1.23427e+00 -1.19701e+00 -1.27152e+00
1.51040e+05 7.55000e+02 -1.22007e+00 -1.15927e+00 -1.28087e+00 -1.23370e+00 -1.19566e+00 -1.27174e+00
1.51360e+05 7.56000e+02 -1.26882e+00 -1.13658e+00 -1.40106e+00 -1.23320e+00 -1.19429e+00 -1.27211e+00
1.51680e+05 7.58000e+02 -1.23178e+00 -1.14693e+00 -1.31662e+00 -1.23280e+00 -1.19293e+00 -1.27267e+00
1.52000e+05 7.60000e+02 -1.25082e+00 -1.22059e+00 -1.28105e+00 -1.23248e+00 -1.19157e+00 -1.27339e+00
1.52320e+05 7.61000e+02 -1.21442e+00 -1.11983e+00 -1.30902e+00 -1.23226e+00 -1.19021e+00 -1.27431e+00
1.52640e+05 7.63000e+02 -1.20619e+00 -1.14341e+00 -1.26896e+00 -1.23212e+00 -1.18885e+00 -1.27538e+00
1.52960e+05 7.64000e+02 -1.23910e+00 -1.15766e+00 -1.32053e+00 -1.23206e+00 -1.18750e+00 -1.27662e+00
1.53280e+05 7.66000e+02 -1.22447e+00 -1.18005e+00 -1.26888e+00 -1.23206e+00 -1.18615e+00 -1.27797e+00
1.53600e+05 7.68000e+02 -1.23285e+00 -1.17527e+00 -1.29044e+00 -1.23211e+00 -1.18480e+00 -1.27942e+00
1.53920e+05 7.69000e+02 -1.20198e+00 -1.15742e+00 -1.24653e+00 -1.23218e+00 -1.18343e+00 -1.28093e+00
1.54240e+05 7.71000e+02 -1.21098e+00 -1.13582e+00 -1.28614e+00 -1.23225e+00 -1.18204e+00 -1.28246e+00
1.54560e+05 7.72000e+02 -1.19180e+00 -1.14925e+00 -1.23434e+00 -1.23231e+00 -1.18065e+00 -1.28398e+00
1.54880e+05 7.74000e+02 -1.24134e+00 -1.15229e+00 -1.33039e+00 -1.23234e+00 -1.17923e+00 -1.28544e+00
1.55200e+05 7.76000e+02 -1.21876e+00 -1.13620e+00 -1.30133e+00 -1.23232e+00 -1.17781e+00 -1.28683e+00
1.55520e+05 7.77000e+02 -1.23833e+00 -1.16200e+00 -1.31467e+00 -1.23225e+00 -1.17638e+00 -1.28811e+00
1.55840e+05 7.79000e+02 -1.19280e+00 -1.11951e+00 -1.26609e+00 -1.23211e+00 -1.17495e+00 -1.28927e+00
1.56160e+05 7.80000e+02 -1.20013e+00 -1.13287e+00 -1.26738e+00 -1.23192e+00 -1.17354e+00 -1.29030e+00
1.56480e+05 7.82000e+02 -1.23660e+00 -1.17692e+00 -1.29628e+00 -1.23166e+00 -1.17215e+00 -1.29117e+00
1.56800e+05 7.84000e+02 -1.18697e+00 -1.15768e+00 -1.21626e+00 -1.23134e+00 -1.17081e+00 -1.29188e+00
1.57120e+05 7.85000e+02 -1.20014e+00 -1.13054e+00 -1.26974e+00 -1.23098e+00 -1.16953e+00 -1.29244e+00
1.57440e+05 7.87000e+02 -1.22097e+00 -1.18103e+00 -1.26091e+00 -1.23058e+00 -1.16833e+00 -1.29283e+00
1.57760e+05 7.88000e+02 -1.17953e+00 -1.11334e+00 -1.24571e+00 -1.23015e+00 -1.16722e+00 -1.29308e+00
1.58080e+05 7.90000e+02 -1.20030e+00 -1.14556e+00 -1.25504e+00 -1.22970e+00 -1.16623e+00 -1.29318e+00
1.58400e+05 7.92000e+02 -1.18982e+00 -1.15492e+00 -1.22473e+00 -1.22925e+00 -1.16535e+00 -1.29315e+00
1.58720e+05 7.93000e+02 -1.22409e+00 -1.21230e+00 -1.23589e+00 -1.22880e+00 -1.16460e+00 -1.29300e+00
1.59040e+05 7.95000e+02 -1.19869e+00 -1.14032e+00 -1.25705e+00 -1.22836e+00 -1.16398e+00 -1.29274e+00
1.59360e+05 7.96000e+02 -1.26961e+00 -1.18243e+00 -1.35679e+00 -1.22794e+00 -1.16347e+00 -1.29240e+00
1.59680e+05 7.98000e+02 -1.21340e+00 -1.17383e+00 -1.25296e+00 -1.22752e+00 -1.16308e+00 -1.29197e+00
1.60000e+05 8.00000e+02 -1.29196e+00 -1.20519e+00 -1.37873e+00 -1.22713e+00 -1.16280e+00 -1.29146e+00
1.60320e+05 8.01000e+02 -1.23554e+00 -1.15965e+00 -1.31144e+00 -1.22674e+00 -1.16260e+00 -1.29089e+00
1.60640e+05 8.03000e+02 -1.22733e+00 -1.18702e+00 -1.26763e+00 -1.22636e+00 -1.16248e+00 -1.29025e+00
1.60960e+05 8.04000e+02 -1.22503e+00 -1.16068e+00 -1.28938e+00 -1.22598e+00 -1.16242e+00 -1.28955e+00
1.61280e+05 8.06000e+02 -1.20342e+00 -1.14170e+00 -1.26515e+00 -1.22559e+00 -1.16240e+00 -1.28877e+00
1.61600e+05 8.08000e+02 -1.18889e+00 -1.13652e+00 -1.24126e+00 -1.22518e+00 -1.16241e+00 -1.28794e+00
1.61920e+05 8.09000e+02 -1.18542e+00 -1.11283e+00 -1.25802e+00 -1.22475e+00 -1.16246e+00 -1.28704e+00
1.62240e+05 8.11000e+02 -1.18270e+00 -1.12427e+00 -1.24113e+00 -1.22430e+00 -1.16251e+00 -1.28608e+00
1.62560e+05 8.12000e+02 -1.19596e+00 -1.12786e+00 -1.26405e+00 -1.22383e+00 -1.16258e+00 -1.28508e+00
1.62880e+05 8.14000e+02 -1.19993e+00 -1.13485e+00 -1.26502e+00 -1.22334e+00 -1.16266e+00 -1.28403e+00
1.63200e+05 8.16000e+02 -1.19339e+00 -1.14922e+00 -1.23756e+00 -1.22285e+00 -1.16275e+00 -1.28296e+00
1.63520e+05 8.17000e+02 -1.20948e+00 -1.17961e+00 -1.23935e+00 -1.22237e+00 -1.16285e+00 -1.28189e+00
1.63840e+05 8.19000e+02 -1.19445e+00 -1.15517e+00 -1.23373e+00 -1.22191e+00 -1.16297e+00 -1.28086e+00
1.64160e+05 8.20000e+02 -1.20284e+00 -1.16338e+00 -1.24231e+00 -1.22148e+00 -1.16310e+00 -1.27987e+00
1.64480e+05 8.22000e+02 -1.20981e+00 -1.19080e+00 -1.22882e+00 -1.22110e+00 -1.16324e+00 -1.27896e+00
1.64800e+05 8.24000e+02 -1.23423e+00 -1.18882e+00 -1.27964e+00 -1.22076e+00 -1.16339e+00 -1.27813e+00
1.65120e+05 8.25000e+02 -1.20814e+00 -1.14284e+00 -1.27344e+00 -1.22047e+00 -1.16354e+00 -1.27740e+00
1.65440e+05 8.27000e+02 -1.20670e+00 -1.15064e+00 -1.26276e+00 -1.22021e+00 -1.16367e+00 -1.27675e+00
1.65760e+05 8.28000e+02 -1.18544e+00 -1.13171e+00 -1.23917e+00 -1.21999e+00 -1.16379e+00 -1.27619e+00
1.66080e+05 8.30000e+02 -1.20486e+00 -1.14424e+00 -1.26549e+00 -1.21980e+00 -1.16388e+00 -1.27572e+00
1.66400e+05 8.32000e+02 -1.20814e+00 -1.14515e+00 -1.27114e+00 -1.21961e+00 -1.16393e+00 -1.27528e+00
1.66720e+05 8.33000e+02 -1.20956e+00 -1.16337e+00 -1.25576e+00 -1.21940e+00 -1.16393e+00 -1.27488e+00
1.67040e+05 8.35000e+02 -1.17262e+00 -1.11370e+00 -1.23153e+00 -1.21918e+00 -1.16389e+00 -1.27447e+00
1.67360e+05 8.36000e+02 -1.20925e+00 -1.17514e+00 -1.24336e+00 -1.21891e+00 -1.16378e+00 -1.27404e+00
1.67680e+05 8.38000e+02 -1.20324e+00 -1.15087e+00 -1.25562e+00 -1.21860e+00 -1.16363e+00 -1.27357e+00
1.68000e+05 8.40000e+02 -1.20212e+00 -1.15830e+00 -1.24594e+00 -1.21822e+00 -1.16342e+00 -1.27302e+00
1.68320e+05 8.41000e+02 -1.19647e+00 -1.11832e+00 -1.27462e+00 -1.21779e+00 -1.16316e+00 -1.27241e+00
1.68640e+05 8.43000e+02 -1.19807e+00 -1.09301e+00 -1.30314e+00 -1.21729e+00 -1.16287e+00 -1.27172e+00
1.68960e+05 8.44000e+02 -1.21609e+00 -1.11924e+00 -1.31294e+00 -1.21675e+00 -1.16254e+00 -1.27096e+00
1.69280e+05 8.46000e+02 -1.17485e+00 -1.13177e+00 -1.21794e+00 -1.21616e+00 -1.16219e+00 -1.27012e+00
1.69600e+05 8.48000e+02 -1.23946e+00 -1.16590e+00 -1.31302e+00 -1.21553e+00 -1.16183e+00 -1.26923e+00
1.69920e+05 8.49000e+02 -1.19021e+00 -1.18010e+00 -1.20032e+00 -1.21487e+00 -1.16144e+00 -1.26830e+00
1.70240e+05 8.51000e+02 -1.23852e+00 -1.11525e+00 -1.36178e+00 -1.21419e+00 -1.16105e+00 -1.26734e+00
1.70560e+05 8.52000e+02 -1.18202e+00 -1.14933e+00 -1.21472e+00 -1.21351e+00 -1.16065e+00 -1.26637e+00
1.70880e+05 8.54000e+02 -1.22588e+00 -1.21826e+00 -1.23350e+00 -1.21282e+00 -1.16024e+00 -1.26539e+00
1.71200e+05 8.56000e+02 -1.27755e+00 -1.16417e+00 -1.39092e+00 -1.21213e+00 -1.15983e+00 -1.26443e+00
1.71520e+05 8.57000e+02 -1.21027e+00 -1.18042e+00 -1.24012e+00 -1.21146e+00 -1.15941e+00 -1.26351e+00
1.71840e+05 8.59000e+02 -1.18573e+00 -1.13506e+00 -1.23639e+00 -1.21081e+00 -1.15899e+00 -1.26263e+00
1.72160e+05 8.60000e+02 -1.23846e+00 -1.15772e+00 -1.31920e+00 -1.21017e+00 -1.15853e+00 -1.26181e+00
1.72480e+05 8.62000e+02 -1.21764e+00 -1.20419e+00 -1.23108e+00 -1.20956e+00 -1.15806e+00 -1.26105e+00
1.72800e+05 8.64000e+02 -1.18829e+00 -1.12920e+00 -1.24738e+00 -1.20897e+00 -1.15757e+00 -1.26037e+00
1.73120e+05 8.65000e+02 -1.20508e+00 -1.19252e+00 -1.21765e+00 -1.20841e+00 -1.15705e+00 -1.25978e+00
1.73440e+05 8.67000e+02 -1.20080e+00 -1.17641e+00 -1.22518e+00 -1.20790e+00 -1.15652e+00 -1.25927e+00
1.73760e+05 8.68000e+02 -1.20846e+00 -1.17667e+00 -1.24026e+00 -1.20742e+00 -1.15597e+00 -1.25886e+00
1.74080e+05 8.70000e+02 -1.25097e+00 -1.21862e+00 -1.28332e+00 -1.20699e+00 -1.15542e+00 -1.25855e+00
1.74400e+05 8.72000e+02 -1.21657e+00 -1.14444e+00 -1.28870e+00 -1.20662e+00 -1.15490e+00 -1.25834e+00
1.74720e+05 8.73000e+02 -1.21647e+00 -1.15125e+00 -1.28169e+00 -1.20632e+00 -1.15440e+00 -1.25824e+00
1.75040e+05 8.75000e+02 -1.18796e+00 -1.15842e+00 -1.21750e+00 -1.20609e+00 -1.15396e+00 -1.25823e+00
1.75360e+05 8.76000e+02 -1.25375e+00 -1.21943e+00 -1.28807e+00 -1.20595e+00 -1.15357e+00 -1.25833e+00
1.75680e+05 8.78000e+02 -1.20819e+00 -1.18061e+00 -1.23577e+00 -1.20590e+00 -1.15329e+00 -1.25851e+00
1.76000e+05 8.80000e+02 -1.22526e+00 -1.19295e+00 -1.25756e+00 -1.20594e+00 -1.15310e+00 -1.25878e+00
1.76320e+05 8.81000e+02 -1.32277e+00 -1.22260e+00 -1.42295e+00 -1.20607e+00 -1.15303e+00 -1.25911e+00
1.76640e+05 8.83000e+02 -1.20721e+00 -1.15681e+00 -1.25762e+00 -1.20628e+00 -1.15308e+00 -1.25947e+00
1.76960e+05 8.84000e+02 -1.25367e+00 -1.22409e+00 -1.28325e+00 -1.20656e+00 -1.15327e+00 -1.25986e+00
1.77280e+05 8.86000e+02 -1.22751e+00 -1.15185e+00 -1.30316e+00 -1.20691e+00 -1.15358e+00 -1.26024e+00
1.77600e+05 8.88000e+02 -1.23929e+00 -1.23149e+00 -1.24708e+00 -1.20732e+00 -1.15404e+00 -1.26060e+00
1.77920e+05 8.89000e+02 -1.20122e+00 -1.14896e+00 -1.25347e+00 -1.20776e+00 -1.15462e+00 -1.26090e+00
1.78240e+05 8.91000e+02 -1.22428e+00 -1.17392e+00 -1.27464e+00 -1.20823e+00 -1.15532e+00 -1.26114e+00
1.78560e+05 8.92000e+02 -1.22188e+00 -1.17327e+00 -1.27049e+00 -1.20872e+00 -1.15612e+00 -1.26132e+00
1.78880e+05 8.94000e+02 -1.22716e+00 -1.18286e+00 -1.27146e+00 -1.20922e+00 -1.15704e+00 -1.26140e+00
1.79200e+05 8.96000e+02 -1.23188e+00 -1.20275e+00 -1.26101e+00 -1.20972e+00 -1.15804e+00 -1.26140e+00
1.79520e+05 8.97000e+02 -1.22198e+00 -1.17958e+00 -1.26438e+00 -1.21023e+00 -1.15912e+00 -1.26133e+00
1.79840e+05 8.99000e+02 -1.20193e+00 -1.16212e+00 -1.24174e+00 -1.21074e+00 -1.16029e+00 -1.26119e+00
1.80160e+05 9.00000e+02 -1.24266e+00 -1.21309e+00 -1.27223e+00 -1.21126e+00 -1.16152e+00 -1.26100e+00
1.80480e+05 9.02000e+02 -1.23686e+00 -1.19016e+00 -1.28356e+00 -1.21180e+00 -1.16282e+00 -1.26078e+00
1.80800e+05 9.04000e+02 -1.21244e+00 -1.17532e+00 -1.24956e+00 -1.21235e+00 -1.16418e+00 -1.26053e+00
1.81120e+05 9.05000e+02 -1.21437e+00 -1.15808e+00 -1.27066e+00 -1.21292e+00 -1.16558e+00 -1.26026e+00
1.81440e+05 9.07000e+02 -1.27786e+00 -1.21445e+00 -1.34128e+00 -1.21350e+00 -1.16701e+00 -1.26000e+00
1.81760e+05 9.08000e+02 -1.23831e+00 -1.18449e+00 -1.29212e+00 -1.21410e+00 -1.16847e+00 -1.25973e+00
1.82080e+05 9.10000e+02 -1.24137e+00 -1.22412e+00 -1.25861e+00 -1.21470e+00 -1.16995e+00 -1.25945e+00
1.82400e+05 9.12000e+02 -1.22964e+00 -1.15085e+00 -1.30843e+00 -1.21531e+00 -1.17145e+00 -1.25917e+00
1.82720e+05 9.13000e+02 -1.19633e+00 -1.18727e+00 -1.20538e+00 -1.21591e+00 -1.17294e+00 -1.25888e+00
1.83040e+05 9.15000e+02 -1.19631e+00 -1.14206e+00 -1.25056e+00 -1.21651e+00 -1.17443e+00 -1.25858e+00
1.83360e+05 9.16000e+02 -1.22695e+00 -1.16265e+00 -1.29124e+00 -1.21709e+00 -1.17591e+00 -1.25826e+00
1.83680e+05 9.18000e+02 -1.22216e+00 -1.19535e+00 -1.24898e+00 -1.21766e+00 -1.17738e+00 -1.25794e+00
1.84000e+05 9.20000e+02 -1.19458e+00 -1.14402e+00 -1.24514e+00 -1.21821e+00 -1.17882e+00 -1.25760e+00
1.84320e+05 9.21000e+02 -1.21053e+00 -1.17593e+00 -1.24513e+00 -1.21876e+00 -1.18022e+00 -1.25730e+00
1.84640e+05 9.23000e+02 -1.23533e+00 -1.21568e+00 -1.25497e+00 -1.21931e+00 -1.18159e+00 -1.25703e+00
1.84960e+05 9.24000e+02 -1.24828e+00 -1.18662e+00 -1.30994e+00 -1.21987e+00 -1.18293e+00 -1.25681e+00
1.85280e+05 9.26000e+02 -1.25757e+00 -1.22836e+00 -1.28678e+00 -1.22044e+00 -1.18421e+00 -1.25667e+00
1.85600e+05 9.28000e+02 -1.24488e+00 -1.18093e+00 -1.30884e+00 -1.22103e+00 -1.18543e+00 -1.25663e+00
1.85920e+05 9.29000e+02 -1.19151e+00 -1.15546e+00 -1.22756e+00 -1.22164e+00 -1.18661e+00 -1.25668e+00
1.86240e+05 9.31000e+02 -1.22252e+00 -1.19934e+00 -1.24570e+00 -1.22227e+00 -1.18770e+00 -1.25684e+00
1.86560e+05 9.32000e+02 -1.22573e+00 -1.21367e+00 -1.23779e+00 -1.22291e+00 -1.18873e+00 -1.25709e+00
1.86880e+05 9.34000e+02 -1.27037e+00 -1.22015e+00 -1.32060e+00 -1.22356e+00 -1.18969e+00 -1.25743e+00
1.87200e+05 9.36000e+02 -1.19829e+00 -1.12421e+00 -1.27237e+00 -1.22420e+00 -1.19056e+00 -1.25784e+00
1.87520e+05 9.37000e+02 -1.24877e+00 -1.16952e+00 -1.32802e+00 -1.22482e+00 -1.19136e+00 -1.25829e+00
1.87840e+05 9.39000e+02 -1.23360e+00 -1.16131e+00 -1.30589e+00 -1.22541e+00 -1.19208e+00 -1.25874e+00
1.88160e+05 9.40000e+02 -1.21967e+00 -1.20942e+00 -1.22993e+00 -1.22596e+00 -1.19272e+00 -1.25921e+00
1.88480e+05 9.42000e+02 -1.22645e+00 -1.20081e+00 -1.25210e+00 -1.22647e+00 -1.19330e+00 -1.25964e+00
1.88800e+05 9.44000e+02 -1.21243e+00 -1.13546e+00 -1.28939e+00 -1.22692e+00 -1.19382e+00 -1.26001e+00
1.89120e+05 9.45000e+02 -1.17486e+00 -1.12062e+00 -1.22910e+00 -1.22731e+00 -1.19429e+00 -1.26033e+00
1.89440e+05 9.47000e+02 -1.23085e+00 -1.17647e+00 -1.28523e+00 -1.22764e+00 -1.19471e+00 -1.26058e+00
1.89760e+05 9.48000e+02 -1.21082e+00 -1.19391e+00 -1.22772e+00 -1.22792e+00 -1.19509e+00 -1.26075e+00
1.90080e+05 9.50000e+02 -1.20788e+00 -1.19039e+00 -1.22537e+00 -1.22814e+00 -1.19544e+00 -1.26084e+00
1.90400e+05 9.52000e+02 -1.21196e+00 -1.15100e+00 -1.27292e+00 -1.22831e+00 -1.19575e+00 -1.26087e+00
1.90720e+05 9.53000e+02 -1.24959e+00 -1.16123e+00 -1.33796e+00 -1.22844e+00 -1.19602e+00 -1.26085e+00
1.91040e+05 9.55000e+02 -1.21499e+00 -1.18142e+00 -1.24856e+00 -1.22852e+00 -1.19627e+00 -1.26077e+00
1.91360e+05 9.56000e+02 -1.18265e+00 -1.15084e+00 -1.21447e+00 -1.22857e+00 -1.19648e+00 -1.26066e+00
1.91680e+05 9.58000e+02 -1.24726e+00 -1.20134e+00 -1.29317e+00 -1.22858e+00 -1.19665e+00 -1.26051e+00
1.92000e+05 9.60000e+02 -1.17910e+00 -1.13563e+00 -1.22257e+00 -1.22856e+00 -1.19677e+00 -1.26034e+00
1.92320e+05 9.61000e+02 -1.23693e+00 -1.14389e+00 -1.32998e+00 -1.22850e+00 -1.19685e+00 -1.26015e+00
1.92640e+05 9.63000e+02 -1.22708e+00 -1.19502e+00 -1.25915e+00 -1.22840e+00 -1.19687e+00 -1.25994e+00
1.92960e+05 9.64000e+02 -1.27521e+00 -1.16701e+00 -1.38341e+00 -1.22827e+00 -1.19682e+00 -1.25972e+00
1.93280e+05 9.66000e+02 -1.25712e+00 -1.16392e+00 -1.35032e+00 -1.22809e+00 -1.19670e+00 -1.25949e+00
1.93600e+05 9.68000e+02 -1.19262e+00 -1.12330e+00 -1.26194e+00 -1.22786e+00 -1.19649e+00 -1.25923e+00
1.93920e+05 9.69000e+02 -1.28072e+00 -1.19969e+00 -1.36175e+00 -1.22758e+00 -1.19620e+00 -1.25897e+00
1.94240e+05 9.71000e+02 -1.23069e+00 -1.16849e+00 -1.29289e+00 -1.22725e+00 -1.19582e+00 -1.25868e+00
1.94560e+05 9.72000e+02 -1.20710e+00 -1.17337e+00 -1.24083e+00 -1.22685e+00 -1.19534e+00 -1.25836e+00
1.94880e+05 9.74000e+02 -1.20482e+00 -1.15510e+00 -1.25454e+00 -1.22640e+00 -1.19476e+00 -1.25804e+00
1.95200e+05 9.76000e+02 -1.23651e+00 -1.22180e+00 -1.25123e+00 -1.22589e+00 -1.19410e+00 -1.25769e+00
1.95520e+05 9.77000e+02 -1.26366e+00 -1.17479e+00 -1.35254e+00 -1.22534e+00 -1.19334e+00 -1.25734e+00
1.95840e+05 9.79000e+02 -1.23527e+00 -1.18001e+00 -1.29054e+00 -1.22475e+00 -1.19251e+00 -1.25698e+00
1.96160e+05 9.80000e+02 -1.22696e+00 -1.17285e+00 -1.28106e+00 -1.22413e+00 -1.19162e+00 -1.25664e+00
1.96480e+05 9.82000e+02 -1.18465e+00 -1.14931e+00 -1.21999e+00 -1.22350e+00 -1.19067e+00 -1.25632e+00
1.96800e+05 9.84000e+02 -1.22729e+00 -1.16328e+00 -1.29130e+00 -1.22287e+00 -1.18969e+00 -1.25605e+00
1.97120e+05 9.85000e+02 -1.20815e+00 -1.15191e+00 -1.26439e+00 -1.22226e+00 -1.18867e+00 -1.25585e+00
1.97440e+05 9.87000e+02 -1.22417e+00 -1.16003e+00 -1.28830e+00 -1.22169e+00 -1.18765e+00 -1.25572e+00
1.97760e+05 9.88000e+02 -1.19895e+00 -1.17868e+00 -1.21921e+00 -1.22116e+00 -1.18662e+00 -1.25569e+00
1.98080e+05 9.90000e+02 -1.18985e+00 -1.13044e+00 -1.24925e+00 -1.22069e+00 -1.18562e+00 -1.25577e+00
1.98400e+05 9.92000e+02 -1.20722e+00 -1.16766e+00 -1.24678e+00 -1.22029e+00 -1.18463e+00 -1.25595e+00
1.98720e+05 9.93000e+02 -1.19590e+00 -1.15181e+00 -1.23999e+00 -1.21998e+00 -1.18370e+00 -1.25627e+00
1.99040e+05 9.95000e+02 -1.20135e+00 -1.11788e+00 -1.28482e+00 -1.21976e+00 -1.18282e+00 -1.25670e+00
1.99360e+05 9.96000e+02 -1.22110e+00 -1.18151e+00 -1.26069e+00 -1.21962e+00 -1.18201e+00 -1.25724e+00
1.99680e+05 9.98000e+02 -1.23467e+00 -1.17763e+00 -1.29170e+00 -1.21957e+00 -1.18126e+00 -1.25788e+00
