0.00000e+00 0.00000e+00 -6.17826e+00 -5.94791e+00 -6.40862e+00 -6.17826e+00 -5.94791e+00 -6.40862e+00
3.20000e+02 1.00000e+00 -5.94668e+00 -5.61704e+00 -6.27632e+00 -6.17826e+00 -5.94791e+00 -6.40862e+00
6.40000e+02 3.00000e+00 -5.75005e+00 -4.51452e+00 -6.98558e+00 -6.17826e+00 -5.94791e+00 -6.40862e+00
9.60000e+02 4.00000e+00 -5.63356e+00 -4.64225e+00 -6.62487e+00 -6.17826e+00 -5.94791e+00 -6.40862e+00
1.28000e+03 6.00000e+00 -5.52678e+00 -5.34368e+00 -5.70988e+00 -6.17826e+00 -5.94791e+00 -6.40862e+00
1.60000e+03 8.00000e+00 -4.44385e+00 -3.50529e+00 -5.38240e+00 -6.17826e+00 -5.94790e+00 -6.40862e+00
1.92000e+03 9.00000e+00 -4.53774e+00 -4.36631e+00 -4.70917e+00 -6.17826e+00 -5.94790e+00 -6.40861e+00
2.24000e+03 1.10000e+01 -5.32870e+00 -4.21004e+00 -6.44736e+00 -6.17824e+00 -5.94789e+00 -6.40860e+00
2.56000e+03 1.20000e+01 -4.71864e+00 -4.61085e+00 -4.82643e+00 -6.17820e+00 -5.94785e+00 -6.40855e+00
2.88000e+03 1.40000e+01 -6.30549e+00 -5.82728e+00 -6.78369e+00 -6.17810e+00 -5.94775e+00 -6.40845e+00
3.20000e+03 1.60000e+01 -3.82868e+00 -3.67000e+00 -3.98735e+00 -6.17785e+00 -5.94752e+00 -6.40818e+00
3.52000e+03 1.70000e+01 -3.49364e+00 -3.30392e+00 -3.68336e+00 -6.17732e+00 -5.94706e+00 -6.40759e+00
3.84000e+03 1.90000e+01 -3.86138e+00 -3.48195e+00 -4.24080e+00 -6.17632e+00 -5.94618e+00 -6.40646e+00
4.16000e+03 2.00000e+01 -4.31726e+00 -3.76121e+00 -4.87331e+00 -6.17454e+00 -5.94469e+00 -6.40440e+00
4.48000e+03 2.20000e+01 -4.91573e+00 -3.86359e+00 -5.96787e+00 -6.17162e+00 -5.94227e+00 -6.40097e+00
4.80000e+03 2.40000e+01 -3.38401e+00 -3.12495e+00 -3.64306e+00 -6.16708e+00 -5.93860e+00 -6.39556e+00
5.12000e+03 2.50000e+01 -3.45930e+00 -2.86263e+00 -4.05596e+00 -6.16039e+00 -5.93324e+00 -6.38753e+00
5.44000e+03 2.70000e+01 -3.75218e+00 -3.31175e+00 -4.19261e+00 -6.15095e+00 -5.92575e+00 -6.37615e+00
5.76000e+03 2.80000e+01 -3.50241e+00 -3.06019e+00 -3.94462e+00 -6.13816e+00 -5.91563e+00 -6.36068e+00
6.08000e+03 3.00000e+01 -3.95434e+00 -3.14748e+00 -4.76121e+00 -6.12141e+00 -5.90239e+00 -6.34042e+00
6.40000e+03 3.20000e+01 -3.36523e+00 -2.99633e+00 -3.73412e+00 -6.10013e+00 -5.88555e+00 -6.31470e+00
6.72000e+03 3.30000e+01 -3.08510e+00 -2.58592e+00 -3.58428e+00 -6.07380e+00 -5.86464e+00 -6.28297e+00
7.04000e+03 3.50000e+01 -3.15333e+00 -3.00880e+00 -3.29786e+00 -6.04202e+00 -5.83926e+00 -6.24477e+00
7.36000e+03 3.60000e+01 -3.19021e+00 -2.74336e+00 -3.63706e+00 -6.00446e+00 -5.80910e+00 -6.19981e+00
7.68000e+03 3.80000e+01 -2.95916e+00 -2.80167e+00 -3.11665e+00 -5.96091e+00 -5.77392e+00 -6.14790e+00
8.00000e+03 4.00000e+01 -2.84163e+00 -2.53083e+00 -3.15242e+00 -5.91130e+00 -5.73357e+00 -6.08903e+00
8.32000e+03 4.10000e+01 -2.72858e+00 -2.61072e+00 -2.84643e+00 -5.85565e+00 -5.68799e+00 -6.02330e+00
8.64000e+03 4.30000e+01 -3.16252e+00 -2.80948e+00 -3.51555e+00 -5.79410e+00 -5.63724e+00 -5.95097e+00
8.96000e+03 4.40000e+01 -3.02006e+00 -2.41220e+00 -3.62792e+00 -5.72690e+00 -5.58143e+00 -5.87238e+00
9.28000e+03 4.60000e+01 -3.21075e+00 -3.09756e+00 -3.32394e+00 -5.65437e+00 -5.52073e+00 -5.78800e+00
9.60000e+03 4.80000e+01 -2.74066e+00 -2.59200e+00 -2.88932e+00 -5.57688e+00 -5.45537e+00 -5.69839e+00
9.92000e+03 4.90000e+01 -2.79500e+00 -2.63549e+00 -2.95451e+00 -5.49487e+00 -5.38555e+00 -5.60419e+00
1.02400e+04 5.10000e+01 -2.86189e+00 -2.59249e+00 -3.13130e+00 -5.40881e+00 -5.31146e+00 -5.50616e+00
1.05600e+04 5.20000e+01 -2.84595e+00 -2.49101e+00 -3.20090e+00 -5.31918e+00 -5.23324e+00 -5.40511e+00
1.08800e+04 5.40000e+01 -2.54762e+00 -2.32807e+00 -2.76716e+00 -5.22647e+00 -5.15096e+00 -5.30198e+00
1.12000e+04 5.60000e+01 -2.86741e+00 -2.41260e+00 -3.32221e+00 -5.13119e+00 -5.06462e+00 -5.19777e+00
1.15200e+04 5.70000e+01 -2.68850e+00 -2.64864e+00 -2.72836e+00 -5.03385e+00 -4.97424e+00 -5.09346e+00
1.18400e+04 5.90000e+01 -2.72071e+00 -2.52167e+00 -2.91976e+00 -4.93493e+00 -4.87999e+00 -4.98987e+00
1.21600e+04 6.00000e+01 -2.71432e+00 -2.45770e+00 -2.97093e+00 -4.83495e+00 -4.78236e+00 -4.88754e+00
1.24800e+04 6.20000e+01 -2.61331e+00 -2.46339e+00 -2.76323e+00 -4.73439e+00 -4.68224e+00 -4.78654e+00
1.28000e+04 6.40000e+01 -2.44355e+00 -2.34296e+00 -2.54413e+00 -4.63374e+00 -4.58077e+00 -4.68670e+00
1.31200e+04 6.50000e+01 -2.45754e+00 -2.26791e+00 -2.64717e+00 -4.53346e+00 -4.47910e+00 -4.58782e+00
1.34400e+04 6.70000e+01 -2.70670e+00 -2.56263e+00 -2.85078e+00 -4.43402e+00 -4.37818e+00 -4.48986e+00
1.37600e+04 6.80000e+01 -2.57248e+00 -2.45031e+00 -2.69465e+00 -4.33583e+00 -4.27872e+00 -4.39295e+00
1.40800e+04 7.00000e+01 -2.60501e+00 -2.32527e+00 -2.88475e+00 -4.23932e+00 -4.18120e+00 -4.29744e+00
1.44000e+04 7.20000e+01 -2.66193e+00 -2.58105e+00 -2.74281e+00 -4.14485e+00 -4.08595e+00 -4.20375e+00
1.47200e+04 7.30000e+01 -2.63112e+00 -2.36172e+00 -2.90052e+00 -4.05272e+00 -3.99310e+00 -4.11234e+00
1.50400e+04 7.50000e+01 -2.31743e+00 -2.22664e+00 -2.40822e+00 -3.96322e+00 -3.90276e+00 -4.02367e+00
1.53600e+04 7.60000e+01 -2.59321e+00 -2.43955e+00 -2.74687e+00 -3.87656e+00 -3.81496e+00 -3.93815e+00
1.56800e+04 7.80000e+01 -2.44379e+00 -2.32291e+00 -2.56466e+00 -3.79290e+00 -3.72976e+00 -3.85605e+00
1.60000e+04 8.00000e+01 -2.62728e+00 -2.43034e+00 -2.82421e+00 -3.71237e+00 -3.64723e+00 -3.77751e+00
1.63200e+04 8.10000e+01 -2.57304e+00 -2.49903e+00 -2.64705e+00 -3.63503e+00 -3.56749e+00 -3.70258e+00
1.66400e+04 8.30000e+01 -2.51130e+00 -2.40915e+00 -2.61345e+00 -3.56092e+00 -3.49065e+00 -3.63118e+00
1.69600e+04 8.40000e+01 -2.68263e+00 -2.51913e+00 -2.84613e+00 -3.49004e+00 -3.41688e+00 -3.56321e+00
1.72800e+04 8.60000e+01 -2.43768e+00 -2.16925e+00 -2.70611e+00 -3.42240e+00 -3.34629e+00 -3.49851e+00
1.76000e+04 8.80000e+01 -2.54709e+00 -2.29758e+00 -2.79660e+00 -3.35797e+00 -3.27898e+00 -3.43695e+00
1.79200e+04 8.90000e+01 -2.58326e+00 -2.22991e+00 -2.93661e+00 -3.29670e+00 -3.21502e+00 -3.37838e+00
1.82400e+04 9.10000e+01 -2.32680e+00 -2.06524e+00 -2.58835e+00 -3.23856e+00 -3.15444e+00 -3.32269e+00
1.85600e+04 9.20000e+01 -2.51413e+00 -2.45403e+00 -2.57424e+00 -3.18350e+00 -3.09724e+00 -3.26977e+00
1.88800e+04 9.40000e+01 -2.41327e+00 -2.33579e+00 -2.49076e+00 -3.13146e+00 -3.04339e+00 -3.21953e+00
1.92000e+04 9.60000e+01 -2.24279e+00 -1.97504e+00 -2.51055e+00 -3.08239e+00 -2.99285e+00 -3.17193e+00
1.95200e+04 9.70000e+01 -2.15358e+00 -2.00032e+00 -2.30684e+00 -3.03624e+00 -2.94555e+00 -3.12692e+00
1.98400e+04 9.90000e+01 -2.33353e+00 -2.14362e+00 -2.52344e+00 -2.99292e+00 -2.90137e+00 -3.08448e+00
2.01600e+04 1.00000e+02 -2.32487e+00 -2.12902e+00 -2.52072e+00 -2.95240e+00 -2.86020e+00 -3.04460e+00
2.04800e+04 1.02000e+02 -2.28919e+00 -2.16960e+00 -2.40878e+00 -2.91460e+00 -2.82192e+00 -3.00729e+00
2.08000e+04 1.04000e+02 -2.25102e+00 -2.08748e+00 -2.41455e+00 -2.87943e+00 -2.78635e+00 -2.97252e+00
2.11200e+04 1.05000e+02 -2.18559e+00 -2.02499e+00 -2.34619e+00 -2.84679e+00 -2.75332e+00 -2.94027e+00
2.14400e+04 1.07000e+02 -2.24330e+00 -2.14501e+00 -2.34159e+00 -2.81657e+00 -2.72264e+00 -2.91050e+00
2.17600e+04 1.08000e+02 -2.22132e+00 -2.12839e+00 -2.31424e+00 -2.78860e+00 -2.69410e+00 -2.88310e+00
2.20800e+04 1.10000e+02 -2.45118e+00 -2.19169e+00 -2.71066e+00 -2.76274e+00 -2.66750e+00 -2.85798e+00
2.24000e+04 1.12000e+02 -2.39918e+00 -2.26914e+00 -2.52923e+00 -2.73878e+00 -2.64262e+00 -2.83494e+00
2.27200e+04 1.13000e+02 -2.20542e+00 -1.97187e+00 -2.43896e+00 -2.71653e+00 -2.61924e+00 -2.81382e+00
2.30400e+04 1.15000e+02 -2.27235e+00 -2.21325e+00 -2.33146e+00 -2.69576e+00 -2.59716e+00 -2.79436e+00
2.33600e+04 1.16000e+02 -2.33660e+00 -2.25400e+00 -2.41919e+00 -2.67625e+00 -2.57617e+00 -2.77633e+00
2.36800e+04 1.18000e+02 -2.18080e+00 -2.07675e+00 -2.28486e+00 -2.65777e+00 -2.55610e+00 -2.75944e+00
2.40000e+04 1.20000e+02 -1.96640e+00 -1.96103e+00 -1.97177e+00 -2.64012e+00 -2.53678e+00 -2.74346e+00
2.43200e+04 1.21000e+02 -2.41490e+00 -2.27985e+00 -2.54995e+00 -2.62310e+00 -2.51807e+00 -2.72813e+00
2.46400e+04 1.23000e+02 -2.21881e+00 -2.03489e+00 -2.40272e+00 -2.60653e+00 -2.49983e+00 -2.71324e+00
2.49600e+04 1.24000e+02 -2.10854e+00 -1.95885e+00 -2.25824e+00 -2.59029e+00 -2.48197e+00 -2.69862e+00
2.52800e+04 1.26000e+02 -2.20950e+00 -2.10344e+00 -2.31556e+00 -2.57427e+00 -2.46441e+00 -2.68413e+00
2.56000e+04 1.28000e+02 -2.19844e+00 -2.07949e+00 -2.31740e+00 -2.55838e+00 -2.44711e+00 -2.66966e+00
2.59200e+04 1.29000e+02 -1.98588e+00 -1.93891e+00 -2.03285e+00 -2.54258e+00 -2.43003e+00 -2.65514e+00
2.62400e+04 1.31000e+02 -2.03818e+00 -1.94254e+00 -2.13382e+00 -2.52685e+00 -2.41319e+00 -2.64052e+00
2.65600e+04 1.32000e+02 -2.11369e+00 -1.96244e+00 -2.26495e+00 -2.51119e+00 -2.39660e+00 -2.62578e+00
2.68800e+04 1.34000e+02 -2.10560e+00 -2.09440e+00 -2.11680e+00 -2.49559e+00 -2.38030e+00 -2.61089e+00
2.72000e+04 1.36000e+02 -2.03637e+00 -1.90570e+00 -2.16704e+00 -2.48009e+00 -2.36433e+00 -2.59585e+00
2.75200e+04 1.37000e+02 -2.13269e+00 -2.02107e+00 -2.24430e+00 -2.46471e+00 -2.34875e+00 -2.58067e+00
2.78400e+04 1.39000e+02 -2.00075e+00 -1.88316e+00 -2.11834e+00 -2.44949e+00 -2.33363e+00 -2.56535e+00
2.81600e+04 1.40000e+02 -2.03305e+00 -1.83996e+00 -2.22615e+00 -2.43444e+00 -2.31898e+00 -2.54990e+00
2.84800e+04 1.42000e+02 -1.97503e+00 -1.73195e+00 -2.21812e+00 -2.41960e+00 -2.30487e+00 -2.53433e+00
2.88000e+04 1.44000e+02 -1.97496e+00 -1.86003e+00 -2.08989e+00 -2.40499e+00 -2.29132e+00 -2.51865e+00
2.91200e+04 1.45000e+02 -2.12487e+00 -2.10026e+00 -2.14948e+00 -2.39060e+00 -2.27833e+00 -2.50287e+00
2.94400e+04 1.47000e+02 -2.08641e+00 -1.97158e+00 -2.20124e+00 -2.37646e+00 -2.26591e+00 -2.48701e+00
2.97600e+04 1.48000e+02 -1.98700e+00 -1.79791e+00 -2.17609e+00 -2.36254e+00 -2.25401e+00 -2.47107e+00
3.00800e+04 1.50000e+02 -2.02374e+00 -1.89697e+00 -2.15051e+00 -2.34885e+00 -2.24263e+00 -2.45507e+00
3.04000e+04 1.52000e+02 -2.00730e+00 -1.82463e+00 -2.18996e+00 -2.33537e+00 -2.23172e+00 -2.43901e+00
3.07200e+04 1.53000e+02 -2.06490e+00 -1.96469e+00 -2.16511e+00 -2.32207e+00 -2.22122e+00 -2.42293e+00
3.10400e+04 1.55000e+02 -2.05576e+00 -1.99998e+00 -2.11155e+00 -2.30895e+00 -2.21109e+00 -2.40682e+00
3.13600e+04 1.56000e+02 -2.10532e+00 -1.94244e+00 -2.26820e+00 -2.29598e+00 -2.20124e+00 -2.39073e+00
3.16800e+04 1.58000e+02 -2.01478e+00 -1.79735e+00 -2.23221e+00 -2.28316e+00 -2.19162e+00 -2.37471e+00
3.20000e+04 1.60000e+02 -1.94170e+00 -1.77709e+00 -2.10631e+00 -2.27049e+00 -2.18219e+00 -2.35879e+00
3.23200e+04 1.61000e+02 -1.93619e+00 -1.90783e+00 -1.96455e+00 -2.25795e+00 -2.17286e+00 -2.34305e+00
3.26400e+04 1.63000e+02 -2.02159e+00 -1.80686e+00 -2.23633e+00 -2.24559e+00 -2.16361e+00 -2.32756e+00
3.29600e+04 1.64000e+02 -1.80538e+00 -1.58918e+00 -2.02158e+00 -2.23340e+00 -2.15441e+00 -2.31239e+00
3.32800e+04 1.66000e+02 -1.95681e+00 -1.75993e+00 -2.15369e+00 -2.22143e+00 -2.14523e+00 -2.29764e+00
3.36000e+04 1.68000e+02 -1.96433e+00 -1.75434e+00 -2.17433e+00 -2.20972e+00 -2.13607e+00 -2.28337e+00
3.39200e+04 1.69000e+02 -1.94980e+00 -1.71359e+00 -2.18600e+00 -2.19830e+00 -2.12693e+00 -2.26966e+00
3.42400e+04 1.71000e+02 -1.95372e+00 -1.78962e+00 -2.11781e+00 -2.18720e+00 -2.11783e+00 -2.25658e+00
3.45600e+04 1.72000e+02 -1.96382e+00 -1.82706e+00 -2.10059e+00 -2.17647e+00 -2.10876e+00 -2.24417e+00
3.48800e+04 1.74000e+02 -2.08223e+00 -2.03997e+00 -2.12448e+00 -2.16611e+00 -2.09975e+00 -2.23247e+00
3.52000e+04 1.76000e+02 -1.92918e+00 -1.74533e+00 -2.11303e+00 -2.15613e+00 -2.09076e+00 -2.22150e+00
3.55200e+04 1.77000e+02 -1.93099e+00 -1.72191e+00 -2.14007e+00 -2.14653e+00 -2.08179e+00 -2.21126e+00
3.58400e+04 1.79000e+02 -1.94988e+00 -1.75098e+00 -2.14879e+00 -2.13727e+00 -2.07281e+00 -2.20173e+00
3.61600e+04 1.80000e+02 -1.88372e+00 -1.72762e+00 -2.03983e+00 -2.12834e+00 -2.06380e+00 -2.19288e+00
3.64800e+04 1.82000e+02 -1.86956e+00 -1.78391e+00 -1.95520e+00 -2.11970e+00 -2.05470e+00 -2.18469e+00
3.68000e+04 1.84000e+02 -1.80761e+00 -1.68657e+00 -1.92864e+00 -2.11131e+00 -2.04550e+00 -2.17712e+00
3.71200e+04 1.85000e+02 -1.83986e+00 -1.78088e+00 -1.89885e+00 -2.10314e+00 -2.03614e+00 -2.17014e+00
3.74400e+04 1.87000e+02 -1.77216e+00 -1.74516e+00 -1.79916e+00 -2.09517e+00 -2.02663e+00 -2.16371e+00
3.77600e+04 1.88000e+02 -1.78014e+00 -1.60370e+00 -1.95658e+00 -2.08737e+00 -2.01694e+00 -2.15779e+00
3.80800e+04 1.90000e+02 -1.86808e+00 -1.76783e+00 -1.96834e+00 -2.07971e+00 -2.00709e+00 -2.15233e+00
3.84000e+04 1.92000e+02 -1.95115e+00 -1.76812e+00 -2.13419e+00 -2.07219e+00 -1.99710e+00 -2.14728e+00
3.87200e+04 1.93000e+02 -1.82377e+00 -1.67603e+00 -1.97151e+00 -2.06478e+00 -1.98698e+00 -2.14258e+00
3.90400e+04 1.95000e+02 -1.83300e+00 -1.70942e+00 -1.95659e+00 -2.05746e+00 -1.97678e+00 -2.13815e+00
3.93600e+04 1.96000e+02 -1.81268e+00 -1.63079e+00 -1.99457e+00 -2.05023e+00 -1.96654e+00 -2.13392e+00
3.96800e+04 1.98000e+02 -1.74922e+00 -1.62655e+00 -1.87189e+00 -2.04305e+00 -1.95631e+00 -2.12979e+00
4.00000e+04 2.00000e+02 -1.71796e+00 -1.60853e+00 -1.82740e+00 -2.03589e+00 -1.94613e+00 -2.12566e+00
4.03200e+04 2.01000e+02 -1.75973e+00 -1.67013e+00 -1.84934e+00 -2.02874e+00 -1.93604e+00 -2.12144e+00
4.06400e+04 2.03000e+02 -1.79367e+00 -1.59038e+00 -1.99695e+00 -2.02155e+00 -1.92607e+00 -2.11704e+00
4.09600e+04 2.04000e+02 -1.89684e+00 -1.71792e+00 -2.07577e+00 -2.01430e+00 -1.91625e+00 -2.11235e+00
4.12800e+04 2.06000e+02 -1.70158e+00 -1.57543e+00 -1.82773e+00 -2.00696e+00 -1.90658e+00 -2.10734e+00
4.16000e+04 2.08000e+02 -1.70309e+00 -1.60516e+00 -1.80102e+00 -1.99952e+00 -1.89709e+00 -2.10196e+00
4.19200e+04 2.09000e+02 -1.68820e+00 -1.58780e+00 -1.78860e+00 -1.99197e+00 -1.88775e+00 -2.09618e+00
4.22400e+04 2.11000e+02 -1.77173e+00 -1.67491e+00 -1.86855e+00 -1.98430e+00 -1.87856e+00 -2.09003e+00
4.25600e+04 2.12000e+02 -1.69933e+00 -1.54070e+00 -1.85796e+00 -1.97651e+00 -1.86951e+00 -2.08351e+00
4.28800e+04 2.14000e+02 -1.70983e+00 -1.58525e+00 -1.83441e+00 -1.96862e+00 -1.86057e+00 -2.07667e+00
4.32000e+04 2.16000e+02 -1.72505e+00 -1.68429e+00 -1.76582e+00 -1.96064e+00 -1.85173e+00 -2.06956e+00
4.35200e+04 2.17000e+02 -1.78458e+00 -1.66126e+00 -1.90789e+00 -1.95259e+00 -1.84296e+00 -2.06223e+00
4.38400e+04 2.19000e+02 -1.69647e+00 -1.58483e+00 -1.80811e+00 -1.94450e+00 -1.83425e+00 -2.05475e+00
4.41600e+04 2.20000e+02 -1.71870e+00 -1.56178e+00 -1.87562e+00 -1.93637e+00 -1.82558e+00 -2.04716e+00
4.44800e+04 2.22000e+02 -1.73769e+00 -1.68960e+00 -1.78577e+00 -1.92824e+00 -1.81696e+00 -2.03952e+00
4.48000e+04 2.24000e+02 -1.68679e+00 -1.54875e+00 -1.82482e+00 -1.92011e+00 -1.80837e+00 -2.03184e+00
4.51200e+04 2.25000e+02 -1.70894e+00 -1.53080e+00 -1.88708e+00 -1.91200e+00 -1.79984e+00 -2.02415e+00
4.54400e+04 2.27000e+02 -1.69090e+00 -1.64115e+00 -1.74066e+00 -1.90392e+00 -1.79138e+00 -2.01646e+00
4.57600e+04 2.28000e+02 -1.68521e+00 -1.56724e+00 -1.80319e+00 -1.89587e+00 -1.78298e+00 -2.00876e+00
4.60800e+04 2.30000e+02 -1.65388e+00 -1.51114e+00 -1.79662e+00 -1.88787e+00 -1.77468e+00 -2.00105e+00
4.64000e+04 2.32000e+02 -1.66038e+00 -1.50033e+00 -1.82043e+00 -1.87991e+00 -1.76650e+00 -1.99332e+00
4.67200e+04 2.33000e+02 -1.67905e+00 -1.59453e+00 -1.76357e+00 -1.87202e+00 -1.75846e+00 -1.98557e+00
4.70400e+04 2.35000e+02 -1.61280e+00 -1.46251e+00 -1.76309e+00 -1.86420e+00 -1.75058e+00 -1.97782e+00
4.73600e+04 2.36000e+02 -1.63462e+00 -1.49145e+00 -1.77779e+00 -1.85647e+00 -1.74287e+00 -1.97006e+00
4.76800e+04 2.38000e+02 -1.62259e+00 -1.56684e+00 -1.67833e+00 -1.84882e+00 -1.73534e+00 -1.96231e+00
4.80000e+04 2.40000e+02 -1.64878e+00 -1.59542e+00 -1.70214e+00 -1.84130e+00 -1.72800e+00 -1.95461e+00
4.83200e+04 2.41000e+02 -1.62486e+00 -1.52717e+00 -1.72255e+00 -1.83391e+00 -1.72085e+00 -1.94697e+00
4.86400e+04 2.43000e+02 -1.66072e+00 -1.50558e+00 -1.81585e+00 -1.82665e+00 -1.71387e+00 -1.93943e+00
4.89600e+04 2.44000e+02 -1.61344e+00 -1.51065e+00 -1.71623e+00 -1.81954e+00 -1.70706e+00 -1.93201e+00
4.92800e+04 2.46000e+02 -1.66602e+00 -1.48762e+00 -1.84443e+00 -1.81257e+00 -1.70039e+00 -1.92475e+00
4.96000e+04 2.48000e+02 -1.64831e+00 -1.52824e+00 -1.76837e+00 -1.80574e+00 -1.69382e+00 -1.91765e+00
4.99200e+04 2.49000e+02 -1.67627e+00 -1.59603e+00 -1.75650e+00 -1.79904e+00 -1.68735e+00 -1.91072e+00
5.02400e+04 2.51000e+02 -1.70363e+00 -1.65706e+00 -1.75021e+00 -1.79245e+00 -1.68093e+00 -1.90397e+00
5.05600e+04 2.52000e+02 -1.67425e+00 -1.59270e+00 -1.75580e+00 -1.78596e+00 -1.67453e+00 -1.89739e+00
5.08800e+04 2.54000e+02 -1.61577e+00 -1.53320e+00 -1.69834e+00 -1.77954e+00 -1.66814e+00 -1.89095e+00
5.12000e+04 2.56000e+02 -1.56918e+00 -1.50800e+00 -1.63037e+00 -1.77318e+00 -1.66173e+00 -1.88462e+00
5.15200e+04 2.57000e+02 -1.57122e+00 -1.50396e+00 -1.63847e+00 -1.76685e+00 -1.65531e+00 -1.87840e+00
5.18400e+04 2.59000e+02 -1.69201e+00 -1.53113e+00 -1.85289e+00 -1.76056e+00 -1.64888e+00 -1.87224e+00
5.21600e+04 2.60000e+02 -1.58761e+00 -1.47787e+00 -1.69735e+00 -1.75429e+00 -1.64245e+00 -1.86612e+00
5.24800e+04 2.62000e+02 -1.57429e+00 -1.46607e+00 -1.68251e+00 -1.74804e+00 -1.63605e+00 -1.86004e+00
5.28000e+04 2.64000e+02 -1.58570e+00 -1.48102e+00 -1.69039e+00 -1.74185e+00 -1.62971e+00 -1.85399e+00
5.31200e+04 2.65000e+02 -1.59008e+00 -1.49294e+00 -1.68722e+00 -1.73573e+00 -1.62348e+00 -1.84799e+00
5.34400e+04 2.67000e+02 -1.54137e+00 -1.44323e+00 -1.63950e+00 -1.72971e+00 -1.61739e+00 -1.84203e+00
5.37600e+04 2.68000e+02 -1.62136e+00 -1.50467e+00 -1.73805e+00 -1.72381e+00 -1.61148e+00 -1.83613e+00
5.40800e+04 2.70000e+02 -1.60051e+00 -1.50682e+00 -1.69419e+00 -1.71805e+00 -1.60579e+00 -1.83031e+00
5.44000e+04 2.72000e+02 -1.50616e+00 -1.43339e+00 -1.57893e+00 -1.71247e+00 -1.60035e+00 -1.82459e+00
5.47200e+04 2.73000e+02 -1.56354e+00 -1.46464e+00 -1.66244e+00 -1.70706e+00 -1.59517e+00 -1.81895e+00
5.50400e+04 2.75000e+02 -1.57973e+00 -1.52375e+00 -1.63572e+00 -1.70184e+00 -1.59026e+00 -1.81342e+00
5.53600e+04 2.76000e+02 -1.54920e+00 -1.50483e+00 -1.59357e+00 -1.69680e+00 -1.58560e+00 -1.80800e+00
5.56800e+04 2.78000e+02 -1.59323e+00 -1.42449e+00 -1.76197e+00 -1.69193e+00 -1.58117e+00 -1.80269e+00
5.60000e+04 2.80000e+02 -1.53845e+00 -1.43861e+00 -1.63830e+00 -1.68722e+00 -1.57695e+00 -1.79749e+00
5.63200e+04 2.81000e+02 -1.49659e+00 -1.40093e+00 -1.59224e+00 -1.68264e+00 -1.57289e+00 -1.79238e+00
5.66400e+04 2.83000e+02 -1.55613e+00 -1.46568e+00 -1.64657e+00 -1.67816e+00 -1.56897e+00 -1.78734e+00
5.69600e+04 2.84000e+02 -1.53017e+00 -1.47665e+00 -1.58368e+00 -1.67375e+00 -1.56514e+00 -1.78237e+00
5.72800e+04 2.86000e+02 -1.54695e+00 -1.43865e+00 -1.65525e+00 -1.66939e+00 -1.56138e+00 -1.77741e+00
5.76000e+04 2.88000e+02 -1.54403e+00 -1.44088e+00 -1.64717e+00 -1.66505e+00 -1.55764e+00 -1.77245e+00
5.79200e+04 2.89000e+02 -1.44732e+00 -1.38984e+00 -1.50480e+00 -1.66069e+00 -1.55392e+00 -1.76746e+00
5.82400e+04 2.91000e+02 -1.56437e+00 -1.45083e+00 -1.67792e+00 -1.65631e+00 -1.55020e+00 -1.76242e+00
5.85600e+04 2.92000e+02 -1.59659e+00 -1.37964e+00 -1.81353e+00 -1.65188e+00 -1.54646e+00 -1.75731e+00
5.88800e+04 2.94000e+02 -1.48070e+00 -1.39251e+00 -1.56889e+00 -1.64741e+00 -1.54269e+00 -1.75212e+00
5.92000e+04 2.96000e+02 -1.47376e+00 -1.38316e+00 -1.56436e+00 -1.64289e+00 -1.53890e+00 -1.74687e+00
5.95200e+04 2.97000e+02 -1.48100e+00 -1.34668e+00 -1.61532e+00 -1.63831e+00 -1.53507e+00 -1.74156e+00
5.98400e+04 2.99000e+02 -1.50376e+00 -1.43034e+00 -1.57718e+00 -1.63370e+00 -1.53121e+00 -1.73619e+00
6.01600e+04 3.00000e+02 -1.45313e+00 -1.38958e+00 -1.51668e+00 -1.62906e+00 -1.52732e+00 -1.73080e+00
6.04800e+04 3.02000e+02 -1.50430e+00 -1.42344e+00 -1.58516e+00 -1.62439e+00 -1.52339e+00 -1.72538e+00
6.08000e+04 3.04000e+02 -1.42278e+00 -1.31665e+00 -1.52892e+00 -1.61971e+00 -1.51943e+00 -1.71998e+00
6.11200e+04 3.05000e+02 -1.43678e+00 -1.34964e+00 -1.52392e+00 -1.61501e+00 -1.51544e+00 -1.71459e+00
6.14400e+04 3.07000e+02 -1.45619e+00 -1.41068e+00 -1.50169e+00 -1.61033e+00 -1.51143e+00 -1.70923e+00
6.17600e+04 3.08000e+02 -1.42547e+00 -1.36494e+00 -1.48599e+00 -1.60566e+00 -1.50740e+00 -1.70391e+00
6.20800e+04 3.10000e+02 -1.45270e+00 -1.36522e+00 -1.54018e+00 -1.60100e+00 -1.50335e+00 -1.69865e+00
6.24000e+04 3.12000e+02 -1.43338e+00 -1.35484e+00 -1.51192e+00 -1.59637e+00 -1.49929e+00 -1.69346e+00
6.27200e+04 3.13000e+02 -1.47851e+00 -1.36336e+00 -1.59366e+00 -1.59178e+00 -1.49522e+00 -1.68834e+00
6.30400e+04 3.15000e+02 -1.43810e+00 -1.35748e+00 -1.51873e+00 -1.58722e+00 -1.49114e+00 -1.68331e+00
6.33600e+04 3.16000e+02 -1.43392e+00 -1.37792e+00 -1.48993e+00 -1.58270e+00 -1.48705e+00 -1.67835e+00
6.36800e+04 3.18000e+02 -1.49286e+00 -1.36583e+00 -1.61989e+00 -1.57821e+00 -1.48295e+00 -1.67347e+00
6.40000e+04 3.20000e+02 -1.38636e+00 -1.32488e+00 -1.44783e+00 -1.57375e+00 -1.47884e+00 -1.66865e+00
6.43200e+04 3.21000e+02 -1.50125e+00 -1.38834e+00 -1.61416e+00 -1.56930e+00 -1.47472e+00 -1.66389e+00
6.46400e+04 3.23000e+02 -1.44681e+00 -1.32374e+00 -1.56988e+00 -1.56487e+00 -1.47057e+00 -1.65916e+00
6.49600e+04 3.24000e+02 -1.39491e+00 -1.28358e+00 -1.50623e+00 -1.56044e+00 -1.46642e+00 -1.65445e+00
6.52800e+04 3.26000e+02 -1.44778e+00 -1.37719e+00 -1.51837e+00 -1.55599e+00 -1.46224e+00 -1.64974e+00
6.56000e+04 3.28000e+02 -1.41912e+00 -1.34075e+00 -1.49749e+00 -1.55154e+00 -1.45806e+00 -1.64501e+00
6.59200e+04 3.29000e+02 -1.41536e+00 -1.38406e+00 -1.44666e+00 -1.54706e+00 -1.45387e+00 -1.64024e+00
6.62400e+04 3.31000e+02 -1.42097e+00 -1.36985e+00 -1.47209e+00 -1.54256e+00 -1.44969e+00 -1.63544e+00
6.65600e+04 3.32000e+02 -1.37648e+00 -1.32298e+00 -1.42998e+00 -1.53805e+00 -1.44551e+00 -1.63059e+00
6.68800e+04 3.34000e+02 -1.39715e+00 -1.27030e+00 -1.52399e+00 -1.53354e+00 -1.44135e+00 -1.62573e+00
6.72000e+04 3.36000e+02 -1.38483e+00 -1.27425e+00 -1.49540e+00 -1.52903e+00 -1.43723e+00 -1.62083e+00
6.75200e+04 3.37000e+02 -1.39694e+00 -1.33076e+00 -1.46313e+00 -1.52455e+00 -1.43315e+00 -1.61594e+00
6.78400e+04 3.39000e+02 -1.35401e+00 -1.28823e+00 -1.41979e+00 -1.52009e+00 -1.42913e+00 -1.61105e+00
6.81600e+04 3.40000e+02 -1.40179e+00 -1.31074e+00 -1.49283e+00 -1.51567e+00 -1.42517e+00 -1.60618e+00
6.84800e+04 3.42000e+02 -1.35479e+00 -1.27900e+00 -1.43059e+00 -1.51131e+00 -1.42128e+00 -1.60134e+00
6.88000e+04 3.44000e+02 -1.37808e+00 -1.27838e+00 -1.47777e+00 -1.50699e+00 -1.41746e+00 -1.59652e+00
6.91200e+04 3.45000e+02 -1.37071e+00 -1.29865e+00 -1.44277e+00 -1.50273e+00 -1.41373e+00 -1.59174e+00
6.94400e+04 3.47000e+02 -1.43101e+00 -1.37523e+00 -1.48680e+00 -1.49853e+00 -1.41008e+00 -1.58698e+00
6.97600e+04 3.48000e+02 -1.37148e+00 -1.33240e+00 -1.41056e+00 -1.49437e+00 -1.40650e+00 -1.58224e+00
7.00800e+04 3.50000e+02 -1.37684e+00 -1.31857e+00 -1.43511e+00 -1.49025e+00 -1.40298e+00 -1.57751e+00
7.04000e+04 3.52000e+02 -1.35066e+00 -1.28263e+00 -1.41869e+00 -1.48615e+00 -1.39951e+00 -1.57279e+00
7.07200e+04 3.53000e+02 -1.38391e+00 -1.26541e+00 -1.50242e+00 -1.48206e+00 -1.39607e+00 -1.56805e+00
7.10400e+04 3.55000e+02 -1.27724e+00 -1.17849e+00 -1.37598e+00 -1.47797e+00 -1.39264e+00 -1.56329e+00
7.13600e+04 3.56000e+02 -1.37949e+00 -1.32138e+00 -1.43761e+00 -1.47387e+00 -1.38921e+00 -1.55852e+00
7.16800e+04 3.58000e+02 -1.34612e+00 -1.29286e+00 -1.39939e+00 -1.46973e+00 -1.38577e+00 -1.55370e+00
7.20000e+04 3.60000e+02 -1.29033e+00 -1.24468e+00 -1.33597e+00 -1.46557e+00 -1.38231e+00 -1.54884e+00
7.23200e+04 3.61000e+02 -1.35223e+00 -1.27549e+00 -1.42897e+00 -1.46137e+00 -1.37881e+00 -1.54393e+00
7.26400e+04 3.63000e+02 -1.30665e+00 -1.24201e+00 -1.37129e+00 -1.45713e+00 -1.37530e+00 -1.53897e+00
7.29600e+04 3.64000e+02 -1.38915e+00 -1.32832e+00 -1.44997e+00 -1.45286e+00 -1.37177e+00 -1.53395e+00
7.32800e+04 3.66000e+02 -1.28157e+00 -1.20422e+00 -1.35893e+00 -1.44856e+00 -1.36825e+00 -1.52887e+00
7.36000e+04 3.68000e+02 -1.33893e+00 -1.27909e+00 -1.39877e+00 -1.44424e+00 -1.36473e+00 -1.52376e+00
7.39200e+04 3.69000e+02 -1.32718e+00 -1.23532e+00 -1.41904e+00 -1.43992e+00 -1.36122e+00 -1.51861e+00
7.42400e+04 3.71000e+02 -1.31764e+00 -1.28030e+00 -1.35497e+00 -1.43559e+00 -1.35775e+00 -1.51344e+00
7.45600e+04 3.72000e+02 -1.27901e+00 -1.21700e+00 -1.34102e+00 -1.43129e+00 -1.35431e+00 -1.50826e+00
7.48800e+04 3.74000e+02 -1.32401e+00 -1.20406e+00 -1.44397e+00 -1.42700e+00 -1.35090e+00 -1.50309e+00
7.52000e+04 3.76000e+02 -1.35358e+00 -1.28677e+00 -1.42038e+00 -1.42273e+00 -1.34753e+00 -1.49794e+00
7.55200e+04 3.77000e+02 -1.36249e+00 -1.25606e+00 -1.46893e+00 -1.41850e+00 -1.34417e+00 -1.49283e+00
7.58400e+04 3.79000e+02 -1.37589e+00 -1.26344e+00 -1.48834e+00 -1.41428e+00 -1.34083e+00 -1.48774e+00
7.61600e+04 3.80000e+02 -1.28071e+00 -1.20593e+00 -1.35549e+00 -1.41010e+00 -1.33750e+00 -1.48270e+00
7.64800e+04 3.82000e+02 -1.27690e+00 -1.26676e+00 -1.28704e+00 -1.40593e+00 -1.33416e+00 -1.47770e+00
7.68000e+04 3.84000e+02 -1.27844e+00 -1.24158e+00 -1.31531e+00 -1.40178e+00 -1.33083e+00 -1.47274e+00
7.71200e+04 3.85000e+02 -1.31178e+00 -1.25199e+00 -1.37157e+00 -1.39766e+00 -1.32748e+00 -1.46784e+00
7.74400e+04 3.87000e+02 -1.27816e+00 -1.21876e+00 -1.33755e+00 -1.39355e+00 -1.32412e+00 -1.46298e+00
7.77600e+04 3.88000e+02 -1.33894e+00 -1.30010e+00 -1.37778e+00 -1.38948e+00 -1.32076e+00 -1.45819e+00
7.80800e+04 3.90000e+02 -1.35907e+00 -1.28132e+00 -1.43682e+00 -1.38545e+00 -1.31739e+00 -1.45350e+00
7.84000e+04 3.92000e+02 -1.29199e+00 -1.26079e+00 -1.32320e+00 -1.38146e+00 -1.31402e+00 -1.44890e+00
7.87200e+04 3.93000e+02 -1.31771e+00 -1.24281e+00 -1.39262e+00 -1.37755e+00 -1.31067e+00 -1.44443e+00
7.90400e+04 3.95000e+02 -1.28236e+00 -1.22808e+00 -1.33663e+00 -1.37373e+00 -1.30734e+00 -1.44011e+00
7.93600e+04 3.96000e+02 -1.22468e+00 -1.19022e+00 -1.25914e+00 -1.37001e+00 -1.30405e+00 -1.43597e+00
7.96800e+04 3.98000e+02 -1.27906e+00 -1.19985e+00 -1.35827e+00 -1.36640e+00 -1.30080e+00 -1.43200e+00
8.00000e+04 4.00000e+02 -1.27467e+00 -1.23220e+00 -1.31715e+00 -1.36292e+00 -1.29762e+00 -1.42822e+00
8.03200e+04 4.01000e+02 -1.26664e+00 -1.22309e+00 -1.31019e+00 -1.35959e+00 -1.29453e+00 -1.42465e+00
8.06400e+04 4.03000e+02 -1.27083e+00 -1.18998e+00 -1.35169e+00 -1.35638e+00 -1.29151e+00 -1.42125e+00
8.09600e+04 4.04000e+02 -1.27508e+00 -1.21114e+00 -1.33902e+00 -1.35332e+00 -1.28862e+00 -1.41802e+00
8.12800e+04 4.06000e+02 -1.29499e+00 -1.22021e+00 -1.36977e+00 -1.35040e+00 -1.28585e+00 -1.41495e+00
8.16000e+04 4.08000e+02 -1.21799e+00 -1.17864e+00 -1.25734e+00 -1.34760e+00 -1.28321e+00 -1.41200e+00
8.19200e+04 4.09000e+02 -1.28669e+00 -1.18493e+00 -1.38846e+00 -1.34493e+00 -1.28071e+00 -1.40915e+00
8.22400e+04 4.11000e+02 -1.27927e+00 -1.26772e+00 -1.29083e+00 -1.34235e+00 -1.27834e+00 -1.40636e+00
8.25600e+04 4.12000e+02 -1.23618e+00 -1.20435e+00 -1.26801e+00 -1.33986e+00 -1.27610e+00 -1.40361e+00
8.28800e+04 4.14000e+02 -1.25195e+00 -1.24337e+00 -1.26053e+00 -1.33743e+00 -1.27399e+00 -1.40088e+00
8.32000e+04 4.16000e+02 -1.24245e+00 -1.22061e+00 -1.26428e+00 -1.33505e+00 -1.27198e+00 -1.39812e+00
8.35200e+04 4.17000e+02 -1.22698e+00 -1.17324e+00 -1.28072e+00 -1.33269e+00 -1.27006e+00 -1.39532e+00
8.38400e+04 4.19000e+02 -1.26422e+00 -1.20670e+00 -1.32175e+00 -1.33033e+00 -1.26820e+00 -1.39246e+00
8.41600e+04 4.20000e+02 -1.21133e+00 -1.16428e+00 -1.25837e+00 -1.32796e+00 -1.26638e+00 -1.38954e+00
8.44800e+04 4.22000e+02 -1.23559e+00 -1.20544e+00 -1.26575e+00 -1.32555e+00 -1.26457e+00 -1.38654e+00
8.48000e+04 4.24000e+02 -1.22555e+00 -1.16152e+00 -1.28957e+00 -1.32311e+00 -1.26275e+00 -1.38347e+00
8.51200e+04 4.25000e+02 -1.22792e+00 -1.17646e+00 -1.27939e+00 -1.32061e+00 -1.26091e+00 -1.38032e+00
8.54400e+04 4.27000e+02 -1.19645e+00 -1.12795e+00 -1.26495e+00 -1.31806e+00 -1.25904e+00 -1.37709e+00
8.57600e+04 4.28000e+02 -1.20155e+00 -1.16932e+00 -1.23378e+00 -1.31545e+00 -1.25710e+00 -1.37379e+00
8.60800e+04 4.30000e+02 -1.22538e+00 -1.17706e+00 -1.27369e+00 -1.31278e+00 -1.25512e+00 -1.37043e+00
8.64000e+04 4.32000e+02 -1.20184e+00 -1.15885e+00 -1.24483e+00 -1.31004e+00 -1.25308e+00 -1.36700e+00
8.67200e+04 4.33000e+02 -1.21434e+00 -1.12778e+00 -1.30089e+00 -1.30724e+00 -1.25099e+00 -1.36350e+00
8.70400e+04 4.35000e+02 -1.22065e+00 -1.17618e+00 -1.26512e+00 -1.30439e+00 -1.24886e+00 -1.35993e+00
8.73600e+04 4.36000e+02 -1.23008e+00 -1.16852e+00 -1.29164e+00 -1.30149e+00 -1.24669e+00 -1.35629e+00
8.76800e+04 4.38000e+02 -1.24529e+00 -1.19553e+00 -1.29505e+00 -1.29855e+00 -1.24449e+00 -1.35260e+00
8.80000e+04 4.40000e+02 -1.24306e+00 -1.18373e+00 -1.30240e+00 -1.29555e+00 -1.24227e+00 -1.34884e+00
8.83200e+04 4.41000e+02 -1.18540e+00 -1.12016e+00 -1.25063e+00 -1.29253e+00 -1.24004e+00 -1.34502e+00
8.86400e+04 4.43000e+02 -1.19985e+00 -1.14937e+00 -1.25033e+00 -1.28947e+00 -1.23780e+00 -1.34114e+00
8.89600e+04 4.44000e+02 -1.21584e+00 -1.15730e+00 -1.27438e+00 -1.28639e+00 -1.23555e+00 -1.33723e+00
8.92800e+04 4.46000e+02 -1.23029e+00 -1.15728e+00 -1.30330e+00 -1.28328e+00 -1.23330e+00 -1.33326e+00
8.96000e+04 4.48000e+02 -1.17227e+00 -1.10690e+00 -1.23764e+00 -1.28016e+00 -1.23104e+00 -1.32928e+00
8.99200e+04 4.49000e+02 -1.19224e+00 -1.14558e+00 -1.23891e+00 -1.27703e+00 -1.22877e+00 -1.32528e+00
9.02400e+04 4.51000e+02 -1.21747e+00 -1.19453e+00 -1.24041e+00 -1.27390e+00 -1.22649e+00 -1.32131e+00
9.05600e+04 4.52000e+02 -1.21610e+00 -1.17356e+00 -1.25864e+00 -1.27077e+00 -1.22417e+00 -1.31738e+00
9.08800e+04 4.54000e+02 -1.17645e+00 -1.12350e+00 -1.22939e+00 -1.26767e+00 -1.22183e+00 -1.31351e+00
9.12000e+04 4.56000e+02 -1.18783e+00 -1.15678e+00 -1.21888e+00 -1.26460e+00 -1.21944e+00 -1.30975e+00
9.15200e+04 4.57000e+02 -1.14353e+00 -1.09385e+00 -1.19320e+00 -1.26156e+00 -1.21700e+00 -1.30612e+00
9.18400e+04 4.59000e+02 -1.17416e+00 -1.12924e+00 -1.21908e+00 -1.25856e+00 -1.21450e+00 -1.30263e+00
9.21600e+04 4.60000e+02 -1.17361e+00 -1.11759e+00 -1.22964e+00 -1.25562e+00 -1.21194e+00 -1.29930e+00
9.24800e+04 4.62000e+02 -1.20183e+00 -1.16917e+00 -1.23450e+00 -1.25274e+00 -1.20933e+00 -1.29615e+00
9.28000e+04 4.64000e+02 -1.19059e+00 -1.15019e+00 -1.23099e+00 -1.24991e+00 -1.20666e+00 -1.29317e+00
9.31200e+04 4.65000e+02 -1.16743e+00 -1.09678e+00 -1.23807e+00 -1.24715e+00 -1.20395e+00 -1.29034e+00
9.34400e+04 4.67000e+02 -1.17324e+00 -1.09644e+00 -1.25004e+00 -1.24443e+00 -1.20120e+00 -1.28767e+00
9.37600e+04 4.68000e+02 -1.15402e+00 -1.10938e+00 -1.19867e+00 -1.24178e+00 -1.19843e+00 -1.28512e+00
9.40800e+04 4.70000e+02 -1.17764e+00 -1.12413e+00 -1.23115e+00 -1.23917e+00 -1.19566e+00 -1.28269e+00
9.44000e+04 4.72000e+02 -1.17291e+00 -1.11623e+00 -1.22958e+00 -1.23662e+00 -1.19290e+00 -1.28034e+00
9.47200e+04 4.73000e+02 -1.14046e+00 -1.09082e+00 -1.19010e+00 -1.23410e+00 -1.19016e+00 -1.27805e+00
9.50400e+04 4.75000e+02 -1.12315e+00 -1.04050e+00 -1.20581e+00 -1.23162e+00 -1.18746e+00 -1.27579e+00
9.53600e+04 4.76000e+02 -1.16519e+00 -1.12520e+00 -1.20519e+00 -1.22918e+00 -1.18480e+00 -1.27356e+00
9.56800e+04 4.78000e+02 -1.15843e+00 -1.12316e+00 -1.19370e+00 -1.22675e+00 -1.18219e+00 -1.27132e+00
9.60000e+04 4.80000e+02 -1.19630e+00 -1.15107e+00 -1.24153e+00 -1.22434e+00 -1.17963e+00 -1.26905e+00
9.63200e+04 4.81000e+02 -1.17672e+00 -1.11375e+00 -1.23968e+00 -1.22195e+00 -1.17713e+00 -1.26677e+00
9.66400e+04 4.83000e+02 -1.14108e+00 -1.07989e+00 -1.20226e+00 -1.21956e+00 -1.17467e+00 -1.26444e+00
9.69600e+04 4.84000e+02 -1.16602e+00 -1.14340e+00 -1.18865e+00 -1.21718e+00 -1.17227e+00 -1.26209e+00
9.72800e+04 4.86000e+02 -1.15972e+00 -1.09969e+00 -1.21976e+00 -1.21480e+00 -1.16990e+00 -1.25970e+00
9.76000e+04 4.88000e+02 -1.15688e+00 -1.12059e+00 -1.19317e+00 -1.21242e+00 -1.16756e+00 -1.25729e+00
9.79200e+04 4.89000e+02 -1.18902e+00 -1.12217e+00 -1.25588e+00 -1.21006e+00 -1.16525e+00 -1.25486e+00
9.82400e+04 4.91000e+02 -1.16821e+00 -1.13403e+00 -1.20239e+00 -1.20769e+00 -1.16296e+00 -1.25242e+00
9.85600e+04 4.92000e+02 -1.13196e+00 -1.08313e+00 -1.18078e+00 -1.20534e+00 -1.16069e+00 -1.24998e+00
9.88800e+04 4.94000e+02 -1.17979e+00 -1.12275e+00 -1.23683e+00 -1.20299e+00 -1.15843e+00 -1.24756e+00
9.92000e+04 4.96000e+02 -1.11947e+00 -1.05005e+00 -1.18890e+00 -1.20066e+00 -1.15617e+00 -1.24515e+00
9.95200e+04 4.97000e+02 -1.11971e+00 -1.06471e+00 -1.17472e+00 -1.19836e+00 -1.15394e+00 -1.24279e+00
9.98400e+04 4.99000e+02 -1.10010e+00 -1.02661e+00 -1.17359e+00 -1.19609e+00 -1.15171e+00 -1.24046e+00
1.00160e+05 5.00000e+02 -1.11824e+00 -1.06505e+00 -1.17144e+00 -1.19386e+00 -1.14952e+00 -1.23820e+00
1.00480e+05 5.02000e+02 -1.11159e+00 -1.03928e+00 -1.18390e+00 -1.19167e+00 -1.14735e+00 -1.23599e+00
1.00800e+05 5.04000e+02 -1.12472e+00 -1.08581e+00 -1.16363e+00 -1.18955e+00 -1.14523e+00 -1.23386e+00
1.01120e+05 5.05000e+02 -1.08013e+00 -1.00757e+00 -1.15269e+00 -1.18748e+00 -1.14316e+00 -1.23180e+00
1.01440e+05 5.07000e+02 -1.12951e+00 -1.07594e+00 -1.18308e+00 -1.18550e+00 -1.14117e+00 -1.22982e+00
1.01760e+05 5.08000e+02 -1.16255e+00 -1.11736e+00 -1.20775e+00 -1.18358e+00 -1.13923e+00 -1.22793e+00
1.02080e+05 5.10000e+02 -1.16140e+00 -1.12274e+00 -1.20006e+00 -1.18174e+00 -1.13738e+00 -1.22610e+00
1.02400e+05 5.12000e+02 -1.13214e+00 -1.07085e+00 -1.19343e+00 -1.17996e+00 -1.13559e+00 -1.22433e+00
1.02720e+05 5.13000e+02 -1.11539e+00 -1.05618e+00 -1.17461e+00 -1.17825e+00 -1.13386e+00 -1.22264e+00
1.03040e+05 5.15000e+02 -1.11256e+00 -1.04281e+00 -1.18231e+00 -1.17658e+00 -1.13218e+00 -1.22097e+00
1.03360e+05 5.16000e+02 -1.09342e+00 -1.03786e+00 -1.14899e+00 -1.17493e+00 -1.13052e+00 -1.21935e+00
1.03680e+05 5.18000e+02 -1.09632e+00 -1.04347e+00 -1.14917e+00 -1.17329e+00 -1.12885e+00 -1.21774e+00
1.04000e+05 5.20000e+02 -1.09488e+00 -1.03888e+00 -1.15088e+00 -1.17164e+00 -1.12716e+00 -1.21613e+00
1.04320e+05 5.21000e+02 -1.10314e+00 -1.06452e+00 -1.14177e+00 -1.16996e+00 -1.12542e+00 -1.21451e+00
1.04640e+05 5.23000e+02 -1.09602e+00 -1.06057e+00 -1.13147e+00 -1.16823e+00 -1.12360e+00 -1.21286e+00
1.04960e+05 5.24000e+02 -1.12519e+00 -1.07561e+00 -1.17477e+00 -1.16646e+00 -1.12171e+00 -1.21120e+00
1.05280e+05 5.26000e+02 -1.10282e+00 -1.06329e+00 -1.14234e+00 -1.16462e+00 -1.11974e+00 -1.20951e+00
1.05600e+05 5.28000e+02 -1.09788e+00 -1.04916e+00 -1.14660e+00 -1.16274e+00 -1.11769e+00 -1.20779e+00
1.05920e+05 5.29000e+02 -1.07785e+00 -1.02107e+00 -1.13463e+00 -1.16081e+00 -1.11558e+00 -1.20604e+00
1.06240e+05 5.31000e+02 -1.10607e+00 -1.04388e+00 -1.16825e+00 -1.15885e+00 -1.11341e+00 -1.20429e+00
1.06560e+05 5.32000e+02 -1.10325e+00 -1.06113e+00 -1.14537e+00 -1.15685e+00 -1.11119e+00 -1.20250e+00
1.06880e+05 5.34000e+02 -1.08525e+00 -1.02574e+00 -1.14476e+00 -1.15483e+00 -1.10894e+00 -1.20072e+00
1.07200e+05 5.36000e+02 -1.09175e+00 -1.03873e+00 -1.14477e+00 -1.15280e+00 -1.10668e+00 -1.19892e+00
1.07520e+05 5.37000e+02 -1.10267e+00 -1.02422e+00 -1.18112e+00 -1.15076e+00 -1.10441e+00 -1.19711e+00
1.07840e+05 5.39000e+02 -1.09977e+00 -1.06280e+00 -1.13675e+00 -1.14872e+00 -1.10216e+00 -1.19528e+00
1.08160e+05 5.40000e+02 -1.11297e+00 -1.06883e+00 -1.15711e+00 -1.14668e+00 -1.09993e+00 -1.19343e+00
1.08480e+05 5.42000e+02 -1.07941e+00 -1.02083e+00 -1.13798e+00 -1.14464e+00 -1.09771e+00 -1.19157e+00
1.08800e+05 5.44000e+02 -1.07814e+00 -1.01111e+00 -1.14517e+00 -1.14261e+00 -1.09553e+00 -1.18968e+00
1.09120e+05 5.45000e+02 -1.11696e+00 -1.09357e+00 -1.14034e+00 -1.14057e+00 -1.09339e+00 -1.18776e+00
1.09440e+05 5.47000e+02 -1.03948e+00 -9.80885e-01 -1.09808e+00 -1.13855e+00 -1.09128e+00 -1.18582e+00
1.09760e+05 5.48000e+02 -1.13417e+00 -1.10737e+00 -1.16096e+00 -1.13654e+00 -1.08923e+00 -1.18385e+00
1.10080e+05 5.50000e+02 -1.08747e+00 -1.02920e+00 -1.14574e+00 -1.13454e+00 -1.08721e+00 -1.18187e+00
1.10400e+05 5.52000e+02 -1.07009e+00 -1.00546e+00 -1.13471e+00 -1.13256e+00 -1.08524e+00 -1.17987e+00
1.10720e+05 5.53000e+02 -1.10053e+00 -1.04998e+00 -1.15108e+00 -1.13059e+00 -1.08330e+00 -1.17788e+00
1.11040e+05 5.55000e+02 -1.08597e+00 -1.04091e+00 -1.13103e+00 -1.12865e+00 -1.08142e+00 -1.17588e+00
1.11360e+05 5.56000e+02 -1.07108e+00 -1.01966e+00 -1.12250e+00 -1.12674e+00 -1.07958e+00 -1.17390e+00
1.11680e+05 5.58000e+02 -1.10000e+00 -1.05025e+00 -1.14975e+00 -1.12486e+00 -1.07777e+00 -1.17195e+00
1.12000e+05 5.60000e+02 -1.05692e+00 -9.91771e-01 -1.12208e+00 -1.12302e+00 -1.07602e+00 -1.17003e+00
1.12320e+05 5.61000e+02 -1.08433e+00 -1.04153e+00 -1.12712e+00 -1.12122e+00 -1.07430e+00 -1.16815e+00
1.12640e+05 5.63000e+02 -1.07035e+00 -1.03033e+00 -1.11038e+00 -1.11948e+00 -1.07264e+00 -1.16632e+00
1.12960e+05 5.64000e+02 -1.08148e+00 -1.03244e+00 -1.13052e+00 -1.11778e+00 -1.07104e+00 -1.16453e+00
1.13280e+05 5.66000e+02 -1.07523e+00 -1.01691e+00 -1.13356e+00 -1.11614e+00 -1.06948e+00 -1.16280e+00
1.13600e+05 5.68000e+02 -1.04976e+00 -9.73110e-01 -1.12640e+00 -1.11455e+00 -1.06797e+00 -1.16113e+00
1.13920e+05 5.69000e+02 -1.10629e+00 -1.05863e+00 -1.15395e+00 -1.11302e+00 -1.06652e+00 -1.15951e+00
1.14240e+05 5.71000e+02 -1.05769e+00 -9.89313e-01 -1.12606e+00 -1.11153e+00 -1.06511e+00 -1.15794e+00
1.14560e+05 5.72000e+02 -1.08372e+00 -1.02703e+00 -1.14041e+00 -1.11009e+00 -1.06374e+00 -1.15643e+00
1.14880e+05 5.74000e+02 -1.06001e+00 -1.01662e+00 -1.10339e+00 -1.10868e+00 -1.06239e+00 -1.15497e+00
1.15200e+05 5.76000e+02 -1.05625e+00 -9.89352e-01 -1.12314e+00 -1.10731e+00 -1.06106e+00 -1.15356e+00
1.15520e+05 5.77000e+02 -1.06621e+00 -9.94114e-01 -1.13831e+00 -1.10597e+00 -1.05975e+00 -1.15219e+00
1.15840e+05 5.79000e+02 -1.04353e+00 -9.67070e-01 -1.11999e+00 -1.10464e+00 -1.05842e+00 -1.15086e+00
1.16160e+05 5.80000e+02 -1.04877e+00 -9.82271e-01 -1.11528e+00 -1.10332e+00 -1.05709e+00 -1.14955e+00
1.16480e+05 5.82000e+02 -1.05175e+00 -9.79415e-01 -1.12408e+00 -1.10200e+00 -1.05573e+00 -1.14828e+00
1.16800e+05 5.84000e+02 -1.07311e+00 -1.02230e+00 -1.12392e+00 -1.10069e+00 -1.05435e+00 -1.14703e+00
1.17120e+05 5.85000e+02 -1.05218e+00 -9.93314e-01 -1.11105e+00 -1.09937e+00 -1.05293e+00 -1.14581e+00
1.17440e+05 5.87000e+02 -1.06288e+00 -1.00937e+00 -1.11639e+00 -1.09804e+00 -1.05149e+00 -1.14460e+00
1.17760e+05 5.88000e+02 -1.04551e+00 -9.84100e-01 -1.10692e+00 -1.09671e+00 -1.05001e+00 -1.14341e+00
1.18080e+05 5.90000e+02 -1.06818e+00 -1.01956e+00 -1.11680e+00 -1.09536e+00 -1.04848e+00 -1.14225e+00
1.18400e+05 5.92000e+02 -1.03051e+00 -9.60411e-01 -1.10061e+00 -1.09401e+00 -1.04692e+00 -1.14110e+00
1.18720e+05 5.93000e+02 -1.04306e+00 -9.56068e-01 -1.13005e+00 -1.09264e+00 -1.04531e+00 -1.13997e+00
1.19040e+05 5.95000e+02 -1.05085e+00 -9.97113e-01 -1.10459e+00 -1.09126e+00 -1.04366e+00 -1.13887e+00
1.19360e+05 5.96000e+02 -1.06801e+00 -1.01894e+00 -1.11708e+00 -1.08988e+00 -1.04197e+00 -1.13779e+00
1.19680e+05 5.98000e+02 -1.06670e+00 -1.01212e+00 -1.12128e+00 -1.08848e+00 -1.04022e+00 -1.13674e+00
1.20000e+05 6.00000e+02 -1.05563e+00 -9.85168e-01 -1.12609e+00 -1.08707e+00 -1.03843e+00 -1.13570e+00
1.20320e+05 6.01000e+02 -1.05028e+00 -9.80495e-01 -1.12006e+00 -1.08564e+00 -1.03660e+00 -1.13468e+00
1.20640e+05 6.03000e+02 -1.02514e+00 -9.53672e-01 -1.09660e+00 -1.08420e+00 -1.03471e+00 -1.13369e+00
1.20960e+05 6.04000e+02 -1.01503e+00 -9.42006e-01 -1.08806e+00 -1.08275e+00 -1.03279e+00 -1.13271e+00
1.21280e+05 6.06000e+02 -1.04441e+00 -9.77455e-01 -1.11137e+00 -1.08128e+00 -1.03083e+00 -1.13173e+00
1.21600e+05 6.08000e+02 -1.03140e+00 -9.45251e-01 -1.11756e+00 -1.07980e+00 -1.02885e+00 -1.13075e+00
1.21920e+05 6.09000e+02 -1.04399e+00 -9.75379e-01 -1.11260e+00 -1.07832e+00 -1.02686e+00 -1.12978e+00
1.22240e+05 6.11000e+02 -1.04677e+00 -9.81917e-01 -1.11163e+00 -1.07683e+00 -1.02484e+00 -1.12882e+00
1.22560e+05 6.12000e+02 -1.04935e+00 -9.85652e-01 -1.11304e+00 -1.07534e+00 -1.02284e+00 -1.12784e+00
1.22880e+05 6.14000e+02 -1.03293e+00 -9.69351e-01 -1.09652e+00 -1.07385e+00 -1.02083e+00 -1.12687e+00
1.23200e+05 6.16000e+02 -1.03736e+00 -9.66505e-01 -1.10822e+00 -1.07238e+00 -1.01885e+00 -1.12590e+00
1.23520e+05 6.17000e+02 -1.01161e+00 -9.40850e-01 -1.08236e+00 -1.07091e+00 -1.01688e+00 -1.12494e+00
1.23840e+05 6.19000e+02 -1.03715e+00 -9.64633e-01 -1.10967e+00 -1.06947e+00 -1.01496e+00 -1.12398e+00
1.24160e+05 6.20000e+02 -1.02499e+00 -9.59631e-01 -1.09035e+00 -1.06805e+00 -1.01306e+00 -1.12304e+00
1.24480e+05 6.22000e+02 -1.00825e+00 -9.40616e-01 -1.07588e+00 -1.06664e+00 -1.01118e+00 -1.12211e+00
1.24800e+05 6.24000e+02 -1.02912e+00 -9.60851e-01 -1.09738e+00 -1.06527e+00 -1.00934e+00 -1.12120e+00
1.25120e+05 6.25000e+02 -1.01322e+00 -9.37587e-01 -1.08884e+00 -1.06392e+00 -1.00752e+00 -1.12032e+00
1.25440e+05 6.27000e+02 -1.02715e+00 -9.62568e-01 -1.09172e+00 -1.06259e+00 -1.00572e+00 -1.11947e+00
1.25760e+05 6.28000e+02 -1.02407e+00 -9.55192e-01 -1.09295e+00 -1.06129e+00 -1.00393e+00 -1.11865e+00
1.26080e+05 6.30000e+02 -1.02719e+00 -9.58399e-01 -1.09598e+00 -1.05999e+00 -1.00215e+00 -1.11784e+00
1.26400e+05 6.32000e+02 -1.03127e+00 -9.55571e-01 -1.10697e+00 -1.05872e+00 -1.00038e+00 -1.11705e+00
1.26720e+05 6.33000e+02 -1.01489e+00 -9.27592e-01 -1.10218e+00 -1.05744e+00 -9.98605e-01 -1.11628e+00
1.27040e+05 6.35000e+02 -1.02754e+00 -9.55226e-01 -1.09985e+00 -1.05618e+00 -9.96831e-01 -1.11552e+00
1.27360e+05 6.36000e+02 -1.02662e+00 -9.68658e-01 -1.08457e+00 -1.05491e+00 -9.95051e-01 -1.11477e+00
1.27680e+05 6.38000e+02 -1.00863e+00 -9.32616e-01 -1.08465e+00 -1.05364e+00 -9.93265e-01 -1.11402e+00
1.28000e+05 6.40000e+02 -1.01635e+00 -9.37106e-01 -1.09560e+00 -1.05236e+00 -9.91472e-01 -1.11325e+00
1.28320e+05 6.41000e+02 -9.89553e-01 -9.03190e-01 -1.07592e+00 -1.05107e+00 -9.89675e-01 -1.11247e+00
1.28640e+05 6.43000e+02 -1.01034e+00 -9.43474e-01 -1.07720e+00 -1.04978e+00 -9.87876e-01 -1.11168e+00
1.28960e+05 6.44000e+02 -1.00992e+00 -9.44180e-01 -1.07565e+00 -1.04848e+00 -9.86094e-01 -1.11087e+00
1.29280e+05 6.46000e+02 -1.03633e+00 -9.68216e-01 -1.10444e+00 -1.04718e+00 -9.84320e-01 -1.11004e+00
1.29600e+05 6.48000e+02 -1.00328e+00 -9.41897e-01 -1.06466e+00 -1.04588e+00 -9.82575e-01 -1.10919e+00
1.29920e+05 6.49000e+02 -1.00809e+00 -9.44167e-01 -1.07200e+00 -1.04459e+00 -9.80854e-01 -1.10832e+00
1.30240e+05 6.51000e+02 -1.00622e+00 -9.36327e-01 -1.07611e+00 -1.04331e+00 -9.79174e-01 -1.10744e+00
1.30560e+05 6.52000e+02 -1.00858e+00 -9.27201e-01 -1.08997e+00 -1.04204e+00 -9.77533e-01 -1.10654e+00
1.30880e+05 6.54000e+02 -1.00986e+00 -9.33119e-01 -1.08661e+00 -1.04078e+00 -9.75930e-01 -1.10563e+00
1.31200e+05 6.56000e+02 -1.03598e+00 -9.89983e-01 -1.08198e+00 -1.03954e+00 -9.74368e-01 -1.10472e+00
1.31520e+05 6.57000e+02 -1.01032e+00 -9.43937e-01 -1.07671e+00 -1.03831e+00 -9.72843e-01 -1.10378e+00
1.31840e+05 6.59000e+02 -1.02386e+00 -9.72557e-01 -1.07517e+00 -1.03710e+00 -9.71355e-01 -1.10285e+00
1.32160e+05 6.60000e+02 -9.74538e-01 -8.97459e-01 -1.05162e+00 -1.03591e+00 -9.69893e-01 -1.10193e+00
1.32480e+05 6.62000e+02 -1.01180e+00 -9.53581e-01 -1.07003e+00 -1.03473e+00 -9.68459e-01 -1.10099e+00
1.32800e+05 6.64000e+02 -9.94726e-01 -9.06969e-01 -1.08248e+00 -1.03356e+00 -9.67048e-01 -1.10007e+00
1.33120e+05 6.65000e+02 -1.01167e+00 -9.55855e-01 -1.06749e+00 -1.03240e+00 -9.65662e-01 -1.09914e+00
1.33440e+05 6.67000e+02 -1.01308e+00 -9.34255e-01 -1.09190e+00 -1.03125e+00 -9.64297e-01 -1.09821e+00
1.33760e+05 6.68000e+02 -9.82905e-01 -8.96406e-01 -1.06940e+00 -1.03012e+00 -9.62954e-01 -1.09728e+00
1.34080e+05 6.70000e+02 -1.01255e+00 -9.44093e-01 -1.08101e+00 -1.02901e+00 -9.61648e-01 -1.09636e+00
1.34400e+05 6.72000e+02 -1.01562e+00 -9.54882e-01 -1.07635e+00 -1.02791e+00 -9.60378e-01 -1.09544e+00
1.34720e+05 6.73000e+02 -9.94545e-01 -9.30259e-01 -1.05883e+00 -1.02684e+00 -9.59152e-01 -1.09452e+00
1.35040e+05 6.75000e+02 -1.01092e+00 -9.51654e-01 -1.07018e+00 -1.02580e+00 -9.57982e-01 -1.09361e+00
1.35360e+05 6.76000e+02 -9.93319e-01 -9.19426e-01 -1.06721e+00 -1.02478e+00 -9.56868e-01 -1.09269e+00
1.35680e+05 6.78000e+02 -1.00253e+00 -9.33409e-01 -1.07164e+00 -1.02380e+00 -9.55814e-01 -1.09178e+00
1.36000e+05 6.80000e+02 -1.00754e+00 -9.50155e-01 -1.06493e+00 -1.02285e+00 -9.54823e-01 -1.09087e+00
1.36320e+05 6.81000e+02 -9.90429e-01 -9.34628e-01 -1.04623e+00 -1.02193e+00 -9.53891e-01 -1.08997e+00
1.36640e+05 6.83000e+02 -1.01101e+00 -9.52655e-01 -1.06937e+00 -1.02104e+00 -9.53013e-01 -1.08907e+00
1.36960e+05 6.84000e+02 -1.02498e+00 -9.73986e-01 -1.07598e+00 -1.02018e+00 -9.52184e-01 -1.08819e+00
1.37280e+05 6.86000e+02 -9.84680e-01 -9.03728e-01 -1.06563e+00 -1.01935e+00 -9.51398e-01 -1.08731e+00
1.37600e+05 6.88000e+02 -9.90383e-01 -9.24896e-01 -1.05587e+00 -1.01855e+00 -9.50650e-01 -1.08644e+00
1.37920e+05 6.89000e+02 -9.89598e-01 -9.24652e-01 -1.05454e+00 -1.01776e+00 -9.49936e-01 -1.08559e+00
1.38240e+05 6.91000e+02 -9.96176e-01 -9.22630e-01 -1.06972e+00 -1.01700e+00 -9.49254e-01 -1.08474e+00
1.38560e+05 6.92000e+02 -9.89174e-01 -9.17801e-01 -1.06055e+00 -1.01626e+00 -9.48603e-01 -1.08391e+00
1.38880e+05 6.94000e+02 -9.88973e-01 -9.15875e-01 -1.06207e+00 -1.01554e+00 -9.47983e-01 -1.08310e+00
1.39200e+05 6.96000e+02 -9.90419e-01 -9.16637e-01 -1.06420e+00 -1.01485e+00 -9.47396e-01 -1.08230e+00
1.39520e+05 6.97000e+02 -9.95236e-01 -9.31163e-01 -1.05931e+00 -1.01417e+00 -9.46846e-01 -1.08150e+00
1.39840e+05 6.99000e+02 -9.99426e-01 -9.22702e-01 -1.07615e+00 -1.01352e+00 -9.46333e-01 -1.08071e+00
1.40160e+05 7.00000e+02 -9.96741e-01 -9.40885e-01 -1.05260e+00 -1.01290e+00 -9.45861e-01 -1.07993e+00
1.40480e+05 7.02000e+02 -1.00127e+00 -9.29866e-01 -1.07267e+00 -1.01229e+00 -9.45426e-01 -1.07915e+00
1.40800e+05 7.04000e+02 -9.82477e-01 -9.07389e-01 -1.05756e+00 -1.01170e+00 -9.45024e-01 -1.07837e+00
1.41120e+05 7.05000e+02 -9.89450e-01 -9.25761e-01 -1.05314e+00 -1.01112e+00 -9.44649e-01 -1.07759e+00
1.41440e+05 7.07000e+02 -9.80240e-01 -9.10356e-01 -1.05012e+00 -1.01055e+00 -9.44291e-01 -1.07681e+00
1.41760e+05 7.08000e+02 -9.96125e-01 -9.33751e-01 -1.05850e+00 -1.00999e+00 -9.43938e-01 -1.07604e+00
1.42080e+05 7.10000e+02 -9.96946e-01 -9.30304e-01 -1.06359e+00 -1.00942e+00 -9.43573e-01 -1.07527e+00
1.42400e+05 7.12000e+02 -9.89832e-01 -9.24714e-01 -1.05495e+00 -1.00885e+00 -9.43187e-01 -1.07452e+00
1.42720e+05 7.13000e+02 -9.87051e-01 -9.27027e-01 -1.04708e+00 -1.00827e+00 -9.42767e-01 -1.07378e+00
1.43040e+05 7.15000e+02 -9.83740e-01 -9.13610e-01 -1.05387e+00 -1.00768e+00 -9.42307e-01 -1.07306e+00
1.43360e+05 7.16000e+02 -9.97941e-01 -9.40735e-01 -1.05515e+00 -1.00708e+00 -9.41797e-01 -1.07236e+00
1.43680e+05 7.18000e+02 -9.84522e-01 -9.20854e-01 -1.04819e+00 -1.00647e+00 -9.41237e-01 -1.07169e+00
1.44000e+05 7.20000e+02 -9.98380e-01 -9.36375e-01 -1.06038e+00 -1.00584e+00 -9.40627e-01 -1.07105e+00
1.44320e+05 7.21000e+02 -1.00093e+00 -9.43817e-01 -1.05805e+00 -1.00520e+00 -9.39967e-01 -1.07043e+00
1.44640e+05 7.23000e+02 -9.86546e-01 -9.28010e-01 -1.04508e+00 -1.00455e+00 -9.39266e-01 -1.06984e+00
1.44960e+05 7.24000e+02 -1.00309e+00 -9.45605e-01 -1.06057e+00 -1.00391e+00 -9.38527e-01 -1.06928e+00
1.45280e+05 7.26000e+02 -1.00194e+00 -9.45394e-01 -1.05848e+00 -1.00325e+00 -9.37760e-01 -1.06875e+00
1.45600e+05 7.28000e+02 -1.00644e+00 -9.41948e-01 -1.07094e+00 -1.00260e+00 -9.36975e-01 -1.06822e+00
1.45920e+05 7.29000e+02 -1.00045e+00 -9.42332e-01 -1.05857e+00 -1.00194e+00 -9.36182e-01 -1.06770e+00
1.46240e+05 7.31000e+02 -1.00398e+00 -9.43949e-01 -1.06401e+00 -1.00130e+00 -9.35393e-01 -1.06720e+00
1.46560e+05 7.32000e+02 -1.00526e+00 -9.58066e-01 -1.05246e+00 -1.00065e+00 -9.34624e-01 -1.06668e+00
1.46880e+05 7.34000e+02 -1.01044e+00 -9.65923e-01 -1.05495e+00 -1.00002e+00 -9.33884e-01 -1.06616e+00
1.47200e+05 7.36000e+02 -1.01150e+00 -9.51814e-01 -1.07118e+00 -9.99408e-01 -9.33190e-01 -1.06562e+00
1.47520e+05 7.37000e+02 -1.00843e+00 -9.43051e-01 -1.07381e+00 -9.98816e-01 -9.32556e-01 -1.06508e+00
1.47840e+05 7.39000e+02 -9.93430e-01 -9.31851e-01 -1.05501e+00 -9.98250e-01 -9.31997e-01 -1.06450e+00
1.48160e+05 7.40000e+02 -9.96259e-01 -9.51863e-01 -1.04065e+00 -9.97716e-01 -9.31527e-01 -1.06391e+00
1.48480e+05 7.42000e+02 -9.90620e-01 -9.17633e-01 -1.06361e+00 -9.97226e-01 -9.31156e-01 -1.06330e+00
1.48800e+05 7.44000e+02 -9.93513e-01 -9.46030e-01 -1.04100e+00 -9.96780e-01 -9.30897e-01 -1.06266e+00
1.49120e+05 7.45000e+02 -1.00993e+00 -9.56632e-01 -1.06323e+00 -9.96390e-01 -9.30756e-01 -1.06202e+00
1.49440e+05 7.47000e+02 -1.02023e+00 -9.75765e-01 -1.06469e+00 -9.96065e-01 -9.30737e-01 -1.06139e+00
1.49760e+05 7.48000e+02 -1.00914e+00 -9.59533e-01 -1.05874e+00 -9.95802e-01 -9.30847e-01 -1.06076e+00
1.50080e+05 7.50000e+02 -1.00660e+00 -9.52407e-01 -1.06078e+00 -9.95615e-01 -9.31079e-01 -1.06015e+00
1.50400e+05 7.52000e+02 -9.98532e-01 -9.43588e-01 -1.05348e+00 -9.95500e-01 -9.31436e-01 -1.05956e+00
1.50720e+05 7.53000e+02 -1.00272e+00 -9.55923e-01 -1.04952e+00 -9.95463e-01 -9.31908e-01 -1.05902e+00
1.51040e+05 7.55000e+02 -1.00352e+00 -9.55240e-01 -1.05181e+00 -9.95502e-01 -9.32487e-01 -1.05852e+00
1.51360e+05 7.56000e+02 -9.88707e-01 -9.27551e-01 -1.04986e+00 -9.95615e-01 -9.33161e-01 -1.05807e+00
1.51680e+05 7.58000e+02 -9.91241e-01 -9.35282e-01 -1.04720e+00 -9.95797e-01 -9.33920e-01 -1.05767e+00
1.52000e+05 7.60000e+02 -1.00302e+00 -9.57810e-01 -1.04823e+00 -9.96039e-01 -9.34748e-01 -1.05733e+00
1.52320e+05 7.61000e+02 -9.89658e-01 -9.26229e-01 -1.05309e+00 -9.96335e-01 -9.35629e-01 -1.05704e+00
1.52640e+05 7.63000e+02 -9.95191e-01 -9.39630e-01 -1.05075e+00 -9.96681e-01 -9.36545e-01 -1.05682e+00
1.52960e+05 7.64000e+02 -9.88980e-01 -9.36234e-01 -1.04172e+00 -9.97058e-01 -9.37482e-01 -1.05663e+00
1.53280e+05 7.66000e+02 -9.82393e-01 -9.22664e-01 -1.04212e+00 -9.97463e-01 -9.38420e-01 -1.05651e+00
1.53600e+05 7.68000e+02 -9.99217e-01 -9.34690e-01 -1.06374e+00 -9.97880e-01 -9.39342e-01 -1.05642e+00
1.53920e+05 7.69000e+02 -9.80509e-01 -9.33154e-01 -1.02786e+00 -9.98298e-01 -9.40235e-01 -1.05636e+00
1.54240e+05 7.71000e+02 -9.77839e-01 -9.21318e-01 -1.03436e+00 -9.98706e-01 -9.41080e-01 -1.05633e+00
1.54560e+05 7.72000e+02 -9.94275e-01 -9.31795e-01 -1.05676e+00 -9.99096e-01 -9.41864e-01 -1.05633e+00
1.54880e+05 7.74000e+02 -9.91400e-01 -9.33957e-01 -1.04884e+00 -9.99452e-01 -9.42578e-01 -1.05633e+00
1.55200e+05 7.76000e+02 -9.75079e-01 -9.25451e-01 -1.02471e+00 -9.99770e-01 -9.43213e-01 -1.05633e+00
1.55520e+05 7.77000e+02 -9.68972e-01 -9.15813e-01 -1.02213e+00 -1.00004e+00 -9.43763e-01 -1.05632e+00
1.55840e+05 7.79000e+02 -9.70992e-01 -9.13576e-01 -1.02841e+00 -1.00027e+00 -9.44223e-01 -1.05631e+00
1.56160e+05 7.80000e+02 -9.89460e-01 -9.46859e-01 -1.03206e+00 -1.00043e+00 -9.44597e-01 -1.05626e+00
1.56480e+05 7.82000e+02 -9.65776e-01 -9.07330e-01 -1.02422e+00 -1.00054e+00 -9.44884e-01 -1.05620e+00
1.56800e+05 7.84000e+02 -9.78654e-01 -9.41587e-01 -1.01572e+00 -1.00059e+00 -9.45090e-01 -1.05609e+00
1.57120e+05 7.85000e+02 -9.88114e-01 -9.49618e-01 -1.02661e+00 -1.00059e+00 -9.45221e-01 -1.05595e+00
1.57440e+05 7.87000e+02 -9.80062e-01 -9.23939e-01 -1.03618e+00 -1.00053e+00 -9.45281e-01 -1.05577e+00
1.57760e+05 7.88000e+02 -9.96889e-01 -9.66831e-01 -1.02695e+00 -1.00041e+00 -9.45279e-01 -1.05554e+00
1.58080e+05 7.90000e+02 -9.71853e-01 -9.28530e-01 -1.01518e+00 -1.00024e+00 -9.45216e-01 -1.05526e+00
1.58400e+05 7.92000e+02 -9.64813e-01 -9.08454e-01 -1.02117e+00 -1.00002e+00 -9.45097e-01 -1.05494e+00
1.58720e+05 7.93000e+02 -9.78165e-01 -9.39687e-01 -1.01664e+00 -9.99740e-01 -9.44926e-01 -1.05455e+00
1.59040e+05 7.95000e+02 -9.82067e-01 -9.43084e-01 -1.02105e+00 -9.99405e-01 -9.44702e-01 -1.05411e+00
1.59360e+05 7.96000e+02 -9.84132e-01 -9.45488e-01 -1.02277e+00 -9.99015e-01 -9.44429e-01 -1.05360e+00
1.59680e+05 7.98000e+02 -9.83010e-01 -9.43080e-01 -1.02294e+00 -9.98568e-01 -9.44112e-01 -1.05302e+00
1.60000e+05 8.00000e+02 -9.82924e-01 -9.44783e-01 -1.02106e+00 -9.98070e-01 -9.43754e-01 -1.05239e+00
1.60320e+05 8.01000e+02 -9.75914e-01 -9.36891e-01 -1.01494e+00 -9.97516e-01 -9.43364e-01 -1.05167e+00
1.60640e+05 8.03000e+02 -9.92876e-01 -9.52625e-01 -1.03313e+00 -9.96911e-01 -9.42950e-01 -1.05087e+00
1.60960e+05 8.04000e+02 -9.78532e-01 -9.34529e-01 -1.02253e+00 -9.96259e-01 -9.42525e-01 -1.04999e+00
1.61280e+05 8.06000e+02 -9.78764e-01 -9.33418e-01 -1.02411e+00 -9.95569e-01 -9.42101e-01 -1.04904e+00
1.61600e+05 8.08000e+02 -9.83223e-01 -9.47569e-01 -1.01888e+00 -9.94844e-01 -9.41688e-01 -1.04800e+00
1.61920e+05 8.09000e+02 -9.72368e-01 -9.18259e-01 -1.02648e+00 -9.94096e-01 -9.41300e-01 -1.04689e+00
1.62240e+05 8.11000e+02 -9.72605e-01 -9.17009e-01 -1.02820e+00 -9.93331e-01 -9.40948e-01 -1.04571e+00
1.62560e+05 8.12000e+02 -9.91755e-01 -9.53566e-01 -1.02994e+00 -9.92555e-01 -9.40639e-01 -1.04447e+00
1.62880e+05 8.14000e+02 -9.97458e-01 -9.59039e-01 -1.03588e+00 -9.91777e-01 -9.40382e-01 -1.04317e+00
1.63200e+05 8.16000e+02 -9.75899e-01 -9.19018e-01 -1.03278e+00 -9.91007e-01 -9.40182e-01 -1.04183e+00
1.63520e+05 8.17000e+02 -9.74053e-01 -9.26165e-01 -1.02194e+00 -9.90251e-01 -9.40043e-01 -1.04046e+00
1.63840e+05 8.19000e+02 -9.60906e-01 -9.12323e-01 -1.00949e+00 -9.89515e-01 -9.39965e-01 -1.03906e+00
1.64160e+05 8.20000e+02 -9.74643e-01 -9.41112e-01 -1.00817e+00 -9.88804e-01 -9.39949e-01 -1.03766e+00
1.64480e+05 8.22000e+02 -9.74191e-01 -9.28935e-01 -1.01945e+00 -9.88128e-01 -9.39986e-01 -1.03627e+00
1.64800e+05 8.24000e+02 -9.60074e-01 -9.07134e-01 -1.01301e+00 -9.87491e-01 -9.40071e-01 -1.03491e+00
1.65120e+05 8.25000e+02 -9.61806e-01 -9.15368e-01 -1.00824e+00 -9.86892e-01 -9.40196e-01 -1.03359e+00
1.65440e+05 8.27000e+02 -9.63041e-01 -9.10794e-01 -1.01529e+00 -9.86336e-01 -9.40349e-01 -1.03232e+00
1.65760e+05 8.28000e+02 -9.52718e-01 -8.94000e-01 -1.01144e+00 -9.85818e-01 -9.40519e-01 -1.03112e+00
1.66080e+05 8.30000e+02 -9.64277e-01 -9.20363e-01 -1.00819e+00 -9.85345e-01 -9.40693e-01 -1.03000e+00
1.66400e+05 8.32000e+02 -9.68057e-01 -9.20379e-01 -1.01573e+00 -9.84912e-01 -9.40860e-01 -1.02896e+00
1.66720e+05 8.33000e+02 -9.57000e-01 -8.97966e-01 -1.01603e+00 -9.84512e-01 -9.41011e-01 -1.02801e+00
1.67040e+05 8.35000e+02 -9.50004e-01 -8.95328e-01 -1.00468e+00 -9.84143e-01 -9.41133e-01 -1.02715e+00
1.67360e+05 8.36000e+02 -9.84592e-01 -9.31000e-01 -1.03818e+00 -9.83798e-01 -9.41217e-01 -1.02638e+00
1.67680e+05 8.38000e+02 -9.55735e-01 -8.98837e-01 -1.01263e+00 -9.83471e-01 -9.41254e-01 -1.02569e+00
1.68000e+05 8.40000e+02 -9.54846e-01 -8.98675e-01 -1.01102e+00 -9.83155e-01 -9.41235e-01 -1.02508e+00
1.68320e+05 8.41000e+02 -9.63426e-01 -9.15265e-01 -1.01159e+00 -9.82838e-01 -9.41153e-01 -1.02452e+00
1.68640e+05 8.43000e+02 -9.58883e-01 -9.01078e-01 -1.01669e+00 -9.82516e-01 -9.40997e-01 -1.02404e+00
1.68960e+05 8.44000e+02 -9.53303e-01 -9.00458e-01 -1.00615e+00 -9.82173e-01 -9.40763e-01 -1.02358e+00
1.69280e+05 8.46000e+02 -9.58743e-01 -9.06347e-01 -1.01114e+00 -9.81804e-01 -9.40441e-01 -1.02317e+00
1.69600e+05 8.48000e+02 -9.54198e-01 -8.97839e-01 -1.01056e+00 -9.81398e-01 -9.40027e-01 -1.02277e+00
1.69920e+05 8.49000e+02 -9.60189e-01 -9.11212e-01 -1.00917e+00 -9.80949e-01 -9.39515e-01 -1.02238e+00
1.70240e+05 8.51000e+02 -9.56991e-01 -9.07042e-01 -1.00694e+00 -9.80450e-01 -9.38903e-01 -1.02200e+00
1.70560e+05 8.52000e+02 -9.62937e-01 -9.08087e-01 -1.01779e+00 -9.79901e-01 -9.38187e-01 -1.02162e+00
1.70880e+05 8.54000e+02 -9.65868e-01 -9.13663e-01 -1.01807e+00 -9.79296e-01 -9.37373e-01 -1.02122e+00
1.71200e+05 8.56000e+02 -9.64795e-01 -9.13588e-01 -1.01600e+00 -9.78634e-01 -9.36461e-01 -1.02081e+00
1.71520e+05 8.57000e+02 -9.60109e-01 -9.06032e-01 -1.01419e+00 -9.77922e-01 -9.35458e-01 -1.02039e+00
1.71840e+05 8.59000e+02 -9.60516e-01 -9.07496e-01 -1.01354e+00 -9.77159e-01 -9.34371e-01 -1.01995e+00
1.72160e+05 8.60000e+02 -9.55187e-01 -9.02498e-01 -1.00788e+00 -9.76348e-01 -9.33207e-01 -1.01949e+00
1.72480e+05 8.62000e+02 -9.93760e-01 -9.52010e-01 -1.03551e+00 -9.75495e-01 -9.31975e-01 -1.01901e+00
1.72800e+05 8.64000e+02 -9.44564e-01 -8.87809e-01 -1.00132e+00 -9.74609e-01 -9.30685e-01 -1.01853e+00
1.73120e+05 8.65000e+02 -9.63043e-01 -9.15585e-01 -1.01050e+00 -9.73694e-01 -9.29346e-01 -1.01804e+00
1.73440e+05 8.67000e+02 -9.50374e-01 -8.99211e-01 -1.00154e+00 -9.72756e-01 -9.27972e-01 -1.01754e+00
1.73760e+05 8.68000e+02 -9.71212e-01 -9.26541e-01 -1.01588e+00 -9.71807e-01 -9.26572e-01 -1.01704e+00
1.74080e+05 8.70000e+02 -9.68853e-01 -9.21711e-01 -1.01600e+00 -9.70852e-01 -9.25159e-01 -1.01655e+00
1.74400e+05 8.72000e+02 -9.78763e-01 -9.43806e-01 -1.01372e+00 -9.69903e-01 -9.23747e-01 -1.01606e+00
1.74720e+05 8.73000e+02 -9.61396e-01 -9.19403e-01 -1.00339e+00 -9.68970e-01 -9.22347e-01 -1.01559e+00
1.75040e+05 8.75000e+02 -9.59108e-01 -9.19454e-01 -9.98763e-01 -9.68061e-01 -9.20979e-01 -1.01514e+00
1.75360e+05 8.76000e+02 -9.61725e-01 -9.24454e-01 -9.98995e-01 -9.67188e-01 -9.19652e-01 -1.01472e+00
1.75680e+05 8.78000e+02 -9.44194e-01 -8.87358e-01 -1.00103e+00 -9.66355e-01 -9.18385e-01 -1.01433e+00
1.76000e+05 8.80000e+02 -9.53000e-01 -9.06517e-01 -9.99482e-01 -9.65576e-01 -9.17188e-01 -1.01396e+00
1.76320e+05 8.81000e+02 -1.00293e+00 -9.67769e-01 -1.03808e+00 -9.64856e-01 -9.16075e-01 -1.01364e+00
1.76640e+05 8.83000e+02 -9.69893e-01 -9.23921e-01 -1.01587e+00 -9.64200e-01 -9.15055e-01 -1.01335e+00
1.76960e+05 8.84000e+02 -9.61168e-01 -9.12129e-01 -1.01021e+00 -9.63613e-01 -9.14139e-01 -1.01309e+00
1.77280e+05 8.86000e+02 -9.56109e-01 -9.09020e-01 -1.00320e+00 -9.63099e-01 -9.13333e-01 -1.01286e+00
1.77600e+05 8.88000e+02 -9.65865e-01 -9.10227e-01 -1.02150e+00 -9.62651e-01 -9.12645e-01 -1.01266e+00
1.77920e+05 8.89000e+02 -9.54035e-01 -9.08112e-01 -9.99958e-01 -9.62277e-01 -9.12078e-01 -1.01248e+00
1.78240e+05 8.91000e+02 -9.91420e-01 -9.49252e-01 -1.03359e+00 -9.61971e-01 -9.11633e-01 -1.01231e+00
1.78560e+05 8.92000e+02 -9.58082e-01 -9.12757e-01 -1.00341e+00 -9.61730e-01 -9.11314e-01 -1.01215e+00
1.78880e+05 8.94000e+02 -9.59276e-01 -9.20375e-01 -9.98178e-01 -9.61551e-01 -9.11116e-01 -1.01199e+00
1.79200e+05 8.96000e+02 -9.45894e-01 -8.95149e-01 -9.96639e-01 -9.61428e-01 -9.11039e-01 -1.01182e+00
1.79520e+05 8.97000e+02 -9.30412e-01 -8.74491e-01 -9.86332e-01 -9.61360e-01 -9.11074e-01 -1.01165e+00
1.79840e+05 8.99000e+02 -9.50434e-01 -9.10847e-01 -9.90021e-01 -9.61333e-01 -9.11215e-01 -1.01145e+00
1.80160e+05 9.00000e+02 -9.74657e-01 -9.37994e-01 -1.01132e+00 -9.61344e-01 -9.11451e-01 -1.01124e+00
1.80480e+05 9.02000e+02 -9.61073e-01 -9.22777e-01 -9.99368e-01 -9.61386e-01 -9.11769e-01 -1.01100e+00
1.80800e+05 9.04000e+02 -9.53084e-01 -9.08463e-01 -9.97705e-01 -9.61450e-01 -9.12156e-01 -1.01074e+00
1.81120e+05 9.05000e+02 -9.44559e-01 -8.88014e-01 -1.00110e+00 -9.61529e-01 -9.12596e-01 -1.01046e+00
1.81440e+05 9.07000e+02 -9.45097e-01 -8.97053e-01 -9.93140e-01 -9.61614e-01 -9.13074e-01 -1.01015e+00
1.81760e+05 9.08000e+02 -9.49360e-01 -9.04105e-01 -9.94615e-01 -9.61696e-01 -9.13575e-01 -1.00982e+00
1.82080e+05 9.10000e+02 -9.36259e-01 -8.76782e-01 -9.95736e-01 -9.61768e-01 -9.14083e-01 -1.00945e+00
1.82400e+05 9.12000e+02 -9.35291e-01 -8.74360e-01 -9.96223e-01 -9.61825e-01 -9.14583e-01 -1.00907e+00
1.82720e+05 9.13000e+02 -9.48485e-01 -9.12349e-01 -9.84622e-01 -9.61856e-01 -9.15063e-01 -1.00865e+00
1.83040e+05 9.15000e+02 -9.34457e-01 -8.82730e-01 -9.86185e-01 -9.61860e-01 -9.15510e-01 -1.00821e+00
1.83360e+05 9.16000e+02 -9.49081e-01 -9.07297e-01 -9.90865e-01 -9.61830e-01 -9.15915e-01 -1.00775e+00
1.83680e+05 9.18000e+02 -9.48420e-01 -8.97811e-01 -9.99030e-01 -9.61759e-01 -9.16268e-01 -1.00725e+00
1.84000e+05 9.20000e+02 -9.34046e-01 -8.84788e-01 -9.83303e-01 -9.61653e-01 -9.16561e-01 -1.00675e+00
1.84320e+05 9.21000e+02 -9.45648e-01 -8.98766e-01 -9.92531e-01 -9.61502e-01 -9.16789e-01 -1.00622e+00
1.84640e+05 9.23000e+02 -9.43526e-01 -8.95917e-01 -9.91135e-01 -9.61308e-01 -9.16947e-01 -1.00567e+00
1.84960e+05 9.24000e+02 -9.38072e-01 -8.82049e-01 -9.94095e-01 -9.61073e-01 -9.17030e-01 -1.00512e+00
1.85280e+05 9.26000e+02 -9.37633e-01 -8.84661e-01 -9.90605e-01 -9.60793e-01 -9.17035e-01 -1.00455e+00
1.85600e+05 9.28000e+02 -9.29102e-01 -8.78611e-01 -9.79593e-01 -9.60472e-01 -9.16959e-01 -1.00399e+00
1.85920e+05 9.29000e+02 -9.47545e-01 -9.05085e-01 -9.90005e-01 -9.60110e-01 -9.16800e-01 -1.00342e+00
1.86240e+05 9.31000e+02 -9.57514e-01 -9.14518e-01 -1.00051e+00 -9.59704e-01 -9.16559e-01 -1.00285e+00
1.86560e+05 9.32000e+02 -9.59881e-01 -9.14940e-01 -1.00482e+00 -9.59258e-01 -9.16233e-01 -1.00228e+00
1.86880e+05 9.34000e+02 -9.62511e-01 -9.18529e-01 -1.00649e+00 -9.58772e-01 -9.15827e-01 -1.00172e+00
1.87200e+05 9.36000e+02 -9.33451e-01 -8.81974e-01 -9.84928e-01 -9.58245e-01 -9.15341e-01 -1.00115e+00
1.87520e+05 9.37000e+02 -9.55671e-01 -9.06535e-01 -1.00481e+00 -9.57684e-01 -9.14779e-01 -1.00059e+00
1.87840e+05 9.39000e+02 -9.67505e-01 -8.96120e-01 -1.03889e+00 -9.57089e-01 -9.14144e-01 -1.00003e+00
1.88160e+05 9.40000e+02 -9.13454e-01 -8.53083e-01 -9.73826e-01 -9.56461e-01 -9.13444e-01 -9.99478e-01
1.88480e+05 9.42000e+02 -9.48081e-01 -9.09943e-01 -9.86218e-01 -9.55802e-01 -9.12687e-01 -9.98918e-01
1.88800e+05 9.44000e+02 -9.40037e-01 -8.94077e-01 -9.85996e-01 -9.55124e-01 -9.11878e-01 -9.98370e-01
1.89120e+05 9.45000e+02 -9.52855e-01 -8.93137e-01 -1.01257e+00 -9.54428e-01 -9.11029e-01 -9.97827e-01
1.89440e+05 9.47000e+02 -9.36779e-01 -8.90347e-01 -9.83211e-01 -9.53718e-01 -9.10154e-01 -9.97283e-01
1.89760e+05 9.48000e+02 -9.31624e-01 -8.66920e-01 -9.96329e-01 -9.53009e-01 -9.09263e-01 -9.96756e-01
1.90080e+05 9.50000e+02 -9.50252e-01 -8.99061e-01 -1.00144e+00 -9.52302e-01 -9.08371e-01 -9.96233e-01
1.90400e+05 9.52000e+02 -9.22612e-01 -8.65938e-01 -9.79285e-01 -9.51611e-01 -9.07489e-01 -9.95733e-01
1.90720e+05 9.53000e+02 -9.29822e-01 -8.76835e-01 -9.82809e-01 -9.50935e-01 -9.06628e-01 -9.95243e-01
1.91040e+05 9.55000e+02 -9.26840e-01 -8.72550e-01 -9.81131e-01 -9.50288e-01 -9.05797e-01 -9.94779e-01
1.91360e+05 9.56000e+02 -9.31638e-01 -8.79766e-01 -9.83509e-01 -9.49665e-01 -9.05001e-01 -9.94329e-01
1.91680e+05 9.58000e+02 -9.31389e-01 -8.70731e-01 -9.92046e-01 -9.49076e-01 -9.04242e-01 -9.93910e-01
1.92000e+05 9.60000e+02 -9.21046e-01 -8.58914e-01 -9.83179e-01 -9.48517e-01 -9.03521e-01 -9.93513e-01
1.92320e+05 9.61000e+02 -9.44111e-01 -9.00590e-01 -9.87632e-01 -9.47984e-01 -9.02838e-01 -9.93130e-01
1.92640e+05 9.63000e+02 -9.25557e-01 -8.64655e-01 -9.86459e-01 -9.47481e-01 -9.02185e-01 -9.92778e-01
1.92960e+05 9.64000e+02 -9.30769e-01 -8.78227e-01 -9.83311e-01 -9.47002e-01 -9.01557e-01 -9.92446e-01
1.93280e+05 9.66000e+02 -9.30590e-01 -8.76577e-01 -9.84603e-01 -9.46541e-01 -9.00950e-01 -9.92132e-01
1.93600e+05 9.68000e+02 -9.22935e-01 -8.61985e-01 -9.83885e-01 -9.46095e-01 -9.00355e-01 -9.91835e-01
1.93920e+05 9.69000e+02 -9.38692e-01 -8.86217e-01 -9.91166e-01 -9.45657e-01 -8.99765e-01 -9.91549e-01
1.94240e+05 9.71000e+02 -9.29815e-01 -8.79705e-01 -9.79924e-01 -9.45226e-01 -8.99171e-01 -9.91281e-01
1.94560e+05 9.72000e+02 -9.27461e-01 -8.71373e-01 -9.83548e-01 -9.44792e-01 -8.98566e-01 -9.91018e-01
1.94880e+05 9.74000e+02 -9.26081e-01 -8.76696e-01 -9.75466e-01 -9.44350e-01 -8.97943e-01 -9.90757e-01
1.95200e+05 9.76000e+02 -9.16513e-01 -8.58955e-01 -9.74070e-01 -9.43895e-01 -8.97296e-01 -9.90494e-01
1.95520e+05 9.77000e+02 -9.16370e-01 -8.49792e-01 -9.82949e-01 -9.43426e-01 -8.96618e-01 -9.90235e-01
1.95840e+05 9.79000e+02 -9.13689e-01 -8.55988e-01 -9.71390e-01 -9.42933e-01 -8.95906e-01 -9.89961e-01
1.96160e+05 9.80000e+02 -9.19180e-01 -8.68838e-01 -9.69522e-01 -9.42418e-01 -8.95155e-01 -9.89680e-01
1.96480e+05 9.82000e+02 -9.13061e-01 -8.60078e-01 -9.66044e-01 -9.41877e-01 -8.94363e-01 -9.89392e-01
1.96800e+05 9.84000e+02 -9.19620e-01 -8.68303e-01 -9.70937e-01 -9.41309e-01 -8.93530e-01 -9.89088e-01
1.97120e+05 9.85000e+02 -9.26724e-01 -8.76584e-01 -9.76865e-01 -9.40712e-01 -8.92655e-01 -9.88770e-01
1.97440e+05 9.87000e+02 -9.25519e-01 -8.74133e-01 -9.76904e-01 -9.40094e-01 -8.91739e-01 -9.88448e-01
1.97760e+05 9.88000e+02 -9.16829e-01 -8.61945e-01 -9.71713e-01 -9.39449e-01 -8.90791e-01 -9.88108e-01
1.98080e+05 9.90000e+02 -9.16291e-01 -8.55885e-01 -9.76697e-01 -9.38785e-01 -8.89811e-01 -9.87760e-01
1.98400e+05 9.92000e+02 -9.26373e-01 -8.69272e-01 -9.83474e-01 -9.38102e-01 -8.88807e-01 -9.87398e-01
1.98720e+05 9.93000e+02 -9.24449e-01 -8.70928e-01 -9.77969e-01 -9.37405e-01 -8.87785e-01 -9.87024e-01
1.99040e+05 9.95000e+02 -9.34840e-01 -8.86861e-01 -9.82819e-01 -9.36695e-01 -8.86751e-01 -9.86640e-01
1.99360e+05 9.96000e+02 -9.37951e-01 -8.90897e-01 -9.85004e-01 -9.35975e-01 -8.85712e-01 -9.86239e-01
1.99680e+05 9.98000e+02 -9.25292e-01 -8.71543e-01 -9.79041e-01 -9.35252e-01 -8.84674e-01 -9.85829e-01
