0.00000e+00 0.00000e+00 -6.17826e+00 -5.94791e+00 -6.40862e+00 -6.17826e+00 -5.94791e+00 -6.40862e+00
3.20000e+02 1.00000e+00 -5.94668e+00 -5.61704e+00 -6.27632e+00 -6.17826e+00 -5.94791e+00 -6.40862e+00
6.40000e+02 3.00000e+00 -5.75005e+00 -4.51452e+00 -6.98558e+00 -6.17826e+00 -5.94791e+00 -6.40862e+00
9.60000e+02 4.00000e+00 -5.63356e+00 -4.64225e+00 -6.62487e+00 -6.17826e+00 -5.94791e+00 -6.40862e+00
1.28000e+03 6.00000e+00 -5.52678e+00 -5.34368e+00 -5.70988e+00 -6.17826e+00 -5.94791e+00 -6.40862e+00
1.60000e+03 8.00000e+00 -4.48217e+00 -3.58728e+00 -5.37705e+00 -6.17826e+00 -5.94790e+00 -6.40862e+00
1.92000e+03 9.00000e+00 -4.57263e+00 -4.39258e+00 -4.75268e+00 -6.17826e+00 -5.94790e+00 -6.40861e+00
2.24000e+03 1.10000e+01 -5.41359e+00 -4.26108e+00 -6.56610e+00 -6.17824e+00 -5.94789e+00 -6.40860e+00
2.56000e+03 1.20000e+01 -4.77200e+00 -4.59999e+00 -4.94402e+00 -6.17820e+00 -5.94785e+00 -6.40855e+00
2.88000e+03 1.40000e+01 -6.35016e+00 -5.92639e+00 -6.77393e+00 -6.17810e+00 -5.94775e+00 -6.40845e+00
3.20000e+03 1.60000e+01 -3.82694e+00 -3.70271e+00 -3.95117e+00 -6.17785e+00 -5.94752e+00 -6.40818e+00
3.52000e+03 1.70000e+01 -3.50836e+00 -3.36366e+00 -3.65305e+00 -6.17733e+00 -5.94706e+00 -6.40759e+00
3.84000e+03 1.90000e+01 -3.83738e+00 -3.47612e+00 -4.19865e+00 -6.17632e+00 -5.94618e+00 -6.40646e+00
4.16000e+03 2.00000e+01 -4.32361e+00 -3.69796e+00 -4.94927e+00 -6.17456e+00 -5.94469e+00 -6.40444e+00
4.48000e+03 2.20000e+01 -4.84652e+00 -3.81460e+00 -5.87844e+00 -6.17166e+00 -5.94228e+00 -6.40104e+00
4.80000e+03 2.40000e+01 -3.30505e+00 -3.08592e+00 -3.52418e+00 -6.16717e+00 -5.93861e+00 -6.39573e+00
5.12000e+03 2.50000e+01 -3.39640e+00 -2.80938e+00 -3.98342e+00 -6.16056e+00 -5.93327e+00 -6.38785e+00
5.44000e+03 2.70000e+01 -3.60997e+00 -3.23687e+00 -3.98308e+00 -6.15127e+00 -5.92581e+00 -6.37672e+00
5.76000e+03 2.80000e+01 -3.38518e+00 -2.97562e+00 -3.79474e+00 -6.13869e+00 -5.91573e+00 -6.36165e+00
6.08000e+03 3.00000e+01 -3.83563e+00 -3.06765e+00 -4.60361e+00 -6.12224e+00 -5.90254e+00 -6.34195e+00
6.40000e+03 3.20000e+01 -3.25643e+00 -2.91626e+00 -3.59659e+00 -6.10137e+00 -5.88573e+00 -6.31700e+00
6.72000e+03 3.30000e+01 -3.05687e+00 -2.60780e+00 -3.50593e+00 -6.07556e+00 -5.86486e+00 -6.28625e+00
7.04000e+03 3.50000e+01 -3.12927e+00 -3.00587e+00 -3.25268e+00 -6.04438e+00 -5.83947e+00 -6.24928e+00
7.36000e+03 3.60000e+01 -3.15023e+00 -2.73149e+00 -3.56898e+00 -6.00749e+00 -5.80923e+00 -6.20575e+00
7.68000e+03 3.80000e+01 -2.90419e+00 -2.72410e+00 -3.08428e+00 -5.96467e+00 -5.77386e+00 -6.15547e+00
8.00000e+03 4.00000e+01 -2.76107e+00 -2.55499e+00 -2.96715e+00 -5.91575e+00 -5.73316e+00 -6.09835e+00
8.32000e+03 4.10000e+01 -2.70630e+00 -2.56412e+00 -2.84848e+00 -5.86073e+00 -5.68703e+00 -6.03443e+00
8.64000e+03 4.30000e+01 -2.99941e+00 -2.75991e+00 -3.23891e+00 -5.79966e+00 -5.63549e+00 -5.96382e+00
8.96000e+03 4.40000e+01 -2.98393e+00 -2.46506e+00 -3.50281e+00 -5.73269e+00 -5.57860e+00 -5.88678e+00
9.28000e+03 4.60000e+01 -3.10833e+00 -2.99529e+00 -3.22137e+00 -5.66009e+00 -5.51656e+00 -5.80362e+00
9.60000e+03 4.80000e+01 -2.67849e+00 -2.56132e+00 -2.79566e+00 -5.58218e+00 -5.44960e+00 -5.71476e+00
9.92000e+03 4.90000e+01 -2.73023e+00 -2.58956e+00 -2.87089e+00 -5.49933e+00 -5.37797e+00 -5.62070e+00
1.02400e+04 5.10000e+01 -2.79902e+00 -2.50124e+00 -3.09680e+00 -5.41199e+00 -5.30196e+00 -5.52202e+00
1.05600e+04 5.20000e+01 -2.72679e+00 -2.46815e+00 -2.98542e+00 -5.32063e+00 -5.22183e+00 -5.41943e+00
1.08800e+04 5.40000e+01 -2.54279e+00 -2.33505e+00 -2.75054e+00 -5.22577e+00 -5.13782e+00 -5.31372e+00
1.12000e+04 5.60000e+01 -2.78372e+00 -2.35340e+00 -3.21404e+00 -5.12794e+00 -5.05013e+00 -5.20574e+00
1.15200e+04 5.70000e+01 -2.57494e+00 -2.45771e+00 -2.69217e+00 -5.02767e+00 -4.95891e+00 -5.09644e+00
1.18400e+04 5.90000e+01 -2.66405e+00 -2.55451e+00 -2.77358e+00 -4.92554e+00 -4.86428e+00 -4.98679e+00
1.21600e+04 6.00000e+01 -2.66911e+00 -2.45900e+00 -2.87922e+00 -4.82209e+00 -4.76646e+00 -4.87772e+00
1.24800e+04 6.20000e+01 -2.52048e+00 -2.41033e+00 -2.63062e+00 -4.71788e+00 -4.66580e+00 -4.76996e+00
1.28000e+04 6.40000e+01 -2.39687e+00 -2.25135e+00 -2.54238e+00 -4.61346e+00 -4.56291e+00 -4.66401e+00
1.31200e+04 6.50000e+01 -2.39382e+00 -2.10302e+00 -2.68462e+00 -4.50935e+00 -4.45869e+00 -4.56001e+00
1.34400e+04 6.70000e+01 -2.65986e+00 -2.54128e+00 -2.77844e+00 -4.40607e+00 -4.35414e+00 -4.45799e+00
1.37600e+04 6.80000e+01 -2.54244e+00 -2.42889e+00 -2.65599e+00 -4.30408e+00 -4.25019e+00 -4.35797e+00
1.40800e+04 7.00000e+01 -2.55700e+00 -2.39284e+00 -2.72115e+00 -4.20383e+00 -4.14761e+00 -4.26005e+00
1.44000e+04 7.20000e+01 -2.56693e+00 -2.52288e+00 -2.61098e+00 -4.10573e+00 -4.04700e+00 -4.16445e+00
1.47200e+04 7.30000e+01 -2.57244e+00 -2.36314e+00 -2.78174e+00 -4.01012e+00 -3.94882e+00 -4.07142e+00
1.50400e+04 7.50000e+01 -2.25940e+00 -2.15623e+00 -2.36257e+00 -3.91730e+00 -3.85337e+00 -3.98123e+00
1.53600e+04 7.60000e+01 -2.56525e+00 -2.44541e+00 -2.68509e+00 -3.82751e+00 -3.76091e+00 -3.89411e+00
1.56800e+04 7.80000e+01 -2.37485e+00 -2.22900e+00 -2.52069e+00 -3.74094e+00 -3.67163e+00 -3.81024e+00
1.60000e+04 8.00000e+01 -2.57224e+00 -2.36868e+00 -2.77580e+00 -3.65770e+00 -3.58569e+00 -3.72971e+00
1.63200e+04 8.10000e+01 -2.55492e+00 -2.46542e+00 -2.64442e+00 -3.57789e+00 -3.50323e+00 -3.65255e+00
1.66400e+04 8.30000e+01 -2.44781e+00 -2.29321e+00 -2.60241e+00 -3.50155e+00 -3.42437e+00 -3.57874e+00
1.69600e+04 8.40000e+01 -2.59884e+00 -2.48761e+00 -2.71007e+00 -3.42870e+00 -3.34920e+00 -3.50820e+00
1.72800e+04 8.60000e+01 -2.42898e+00 -2.19094e+00 -2.66703e+00 -3.35933e+00 -3.27780e+00 -3.44086e+00
1.76000e+04 8.80000e+01 -2.45120e+00 -2.28882e+00 -2.61359e+00 -3.29342e+00 -3.21023e+00 -3.37661e+00
1.79200e+04 8.90000e+01 -2.51443e+00 -2.27187e+00 -2.75699e+00 -3.23093e+00 -3.14651e+00 -3.31536e+00
1.82400e+04 9.10000e+01 -2.28574e+00 -2.00385e+00 -2.56764e+00 -3.17181e+00 -3.08661e+00 -3.25701e+00
1.85600e+04 9.20000e+01 -2.45846e+00 -2.42002e+00 -2.49689e+00 -3.11601e+00 -3.03050e+00 -3.20151e+00
1.88800e+04 9.40000e+01 -2.38973e+00 -2.29238e+00 -2.48709e+00 -3.06344e+00 -2.97810e+00 -3.14879e+00
1.92000e+04 9.60000e+01 -2.17951e+00 -1.94084e+00 -2.41819e+00 -3.01406e+00 -2.92931e+00 -3.09882e+00
1.95200e+04 9.70000e+01 -2.12018e+00 -1.99827e+00 -2.24209e+00 -2.96778e+00 -2.88400e+00 -3.05157e+00
1.98400e+04 9.90000e+01 -2.27885e+00 -2.14650e+00 -2.41120e+00 -2.92452e+00 -2.84202e+00 -3.00703e+00
2.01600e+04 1.00000e+02 -2.30905e+00 -2.18669e+00 -2.43140e+00 -2.88421e+00 -2.80321e+00 -2.96520e+00
2.04800e+04 1.02000e+02 -2.23212e+00 -2.15719e+00 -2.30705e+00 -2.84674e+00 -2.76740e+00 -2.92608e+00
2.08000e+04 1.04000e+02 -2.21203e+00 -2.04525e+00 -2.37881e+00 -2.81202e+00 -2.73440e+00 -2.88963e+00
2.11200e+04 1.05000e+02 -2.13941e+00 -2.04088e+00 -2.23793e+00 -2.77992e+00 -2.70404e+00 -2.85581e+00
2.14400e+04 1.07000e+02 -2.17871e+00 -2.11307e+00 -2.24435e+00 -2.75032e+00 -2.67610e+00 -2.82454e+00
2.17600e+04 1.08000e+02 -2.16382e+00 -2.07938e+00 -2.24825e+00 -2.72304e+00 -2.65040e+00 -2.79569e+00
2.20800e+04 1.10000e+02 -2.40688e+00 -2.21815e+00 -2.59561e+00 -2.69791e+00 -2.62671e+00 -2.76911e+00
2.24000e+04 1.12000e+02 -2.36425e+00 -2.24358e+00 -2.48492e+00 -2.67472e+00 -2.60482e+00 -2.74462e+00
2.27200e+04 1.13000e+02 -2.23291e+00 -2.00880e+00 -2.45702e+00 -2.65325e+00 -2.58448e+00 -2.72201e+00
2.30400e+04 1.15000e+02 -2.30392e+00 -2.20249e+00 -2.40536e+00 -2.63327e+00 -2.56548e+00 -2.70106e+00
2.33600e+04 1.16000e+02 -2.31998e+00 -2.30026e+00 -2.33969e+00 -2.61455e+00 -2.54757e+00 -2.68154e+00
2.36800e+04 1.18000e+02 -2.20207e+00 -2.17091e+00 -2.23323e+00 -2.59687e+00 -2.53053e+00 -2.66321e+00
2.40000e+04 1.20000e+02 -1.95260e+00 -1.89051e+00 -2.01469e+00 -2.58001e+00 -2.51415e+00 -2.64587e+00
2.43200e+04 1.21000e+02 -2.33967e+00 -2.26564e+00 -2.41370e+00 -2.56378e+00 -2.49825e+00 -2.62931e+00
2.46400e+04 1.23000e+02 -2.18960e+00 -1.99263e+00 -2.38657e+00 -2.54800e+00 -2.48265e+00 -2.61335e+00
2.49600e+04 1.24000e+02 -2.08430e+00 -1.95654e+00 -2.21206e+00 -2.53256e+00 -2.46725e+00 -2.59787e+00
2.52800e+04 1.26000e+02 -2.17218e+00 -2.09618e+00 -2.24817e+00 -2.51735e+00 -2.45194e+00 -2.58276e+00
2.56000e+04 1.28000e+02 -2.18966e+00 -2.08405e+00 -2.29527e+00 -2.50230e+00 -2.43666e+00 -2.56794e+00
2.59200e+04 1.29000e+02 -2.02417e+00 -1.95125e+00 -2.09708e+00 -2.48739e+00 -2.42140e+00 -2.55338e+00
2.62400e+04 1.31000e+02 -1.98886e+00 -1.91566e+00 -2.06206e+00 -2.47260e+00 -2.40617e+00 -2.53904e+00
2.65600e+04 1.32000e+02 -2.07625e+00 -1.97437e+00 -2.17813e+00 -2.45795e+00 -2.39100e+00 -2.52490e+00
2.68800e+04 1.34000e+02 -2.06922e+00 -2.02547e+00 -2.11296e+00 -2.44346e+00 -2.37597e+00 -2.51095e+00
2.72000e+04 1.36000e+02 -1.99498e+00 -1.89126e+00 -2.09871e+00 -2.42915e+00 -2.36113e+00 -2.49717e+00
2.75200e+04 1.37000e+02 -2.07963e+00 -1.90409e+00 -2.25516e+00 -2.41506e+00 -2.34657e+00 -2.48355e+00
2.78400e+04 1.39000e+02 -2.01872e+00 -1.83730e+00 -2.20014e+00 -2.40122e+00 -2.33237e+00 -2.47007e+00
2.81600e+04 1.40000e+02 -2.03032e+00 -1.84867e+00 -2.21197e+00 -2.38765e+00 -2.31860e+00 -2.45670e+00
2.84800e+04 1.42000e+02 -1.92560e+00 -1.78891e+00 -2.06228e+00 -2.37437e+00 -2.30532e+00 -2.44341e+00
2.88000e+04 1.44000e+02 -1.95170e+00 -1.87683e+00 -2.02657e+00 -2.36138e+00 -2.29257e+00 -2.43019e+00
2.91200e+04 1.45000e+02 -2.12129e+00 -2.01153e+00 -2.23104e+00 -2.34867e+00 -2.28037e+00 -2.41698e+00
2.94400e+04 1.47000e+02 -2.18059e+00 -2.04478e+00 -2.31641e+00 -2.33625e+00 -2.26874e+00 -2.40376e+00
2.97600e+04 1.48000e+02 -1.97343e+00 -1.85892e+00 -2.08794e+00 -2.32407e+00 -2.25765e+00 -2.39050e+00
3.00800e+04 1.50000e+02 -2.07587e+00 -1.94290e+00 -2.20884e+00 -2.31213e+00 -2.24709e+00 -2.37717e+00
3.04000e+04 1.52000e+02 -1.96696e+00 -1.88374e+00 -2.05018e+00 -2.30038e+00 -2.23700e+00 -2.36377e+00
3.07200e+04 1.53000e+02 -2.05618e+00 -1.93696e+00 -2.17541e+00 -2.28881e+00 -2.22734e+00 -2.35027e+00
3.10400e+04 1.55000e+02 -2.03443e+00 -1.89780e+00 -2.17106e+00 -2.27736e+00 -2.21806e+00 -2.33667e+00
3.13600e+04 1.56000e+02 -2.13047e+00 -1.99123e+00 -2.26972e+00 -2.26603e+00 -2.20909e+00 -2.32297e+00
3.16800e+04 1.58000e+02 -1.98995e+00 -1.88322e+00 -2.09668e+00 -2.25479e+00 -2.20038e+00 -2.30920e+00
3.20000e+04 1.60000e+02 -1.97481e+00 -1.86693e+00 -2.08269e+00 -2.24363e+00 -2.19189e+00 -2.29537e+00
3.23200e+04 1.61000e+02 -1.95086e+00 -1.76400e+00 -2.13772e+00 -2.23255e+00 -2.18358e+00 -2.28152e+00
3.26400e+04 1.63000e+02 -1.99240e+00 -1.92462e+00 -2.06019e+00 -2.22157e+00 -2.17543e+00 -2.26770e+00
3.29600e+04 1.64000e+02 -1.81190e+00 -1.70020e+00 -1.92360e+00 -2.21071e+00 -2.16745e+00 -2.25397e+00
3.32800e+04 1.66000e+02 -1.90201e+00 -1.76729e+00 -2.03673e+00 -2.20000e+00 -2.15963e+00 -2.24037e+00
3.36000e+04 1.68000e+02 -1.95530e+00 -1.86202e+00 -2.04857e+00 -2.18949e+00 -2.15201e+00 -2.22697e+00
3.39200e+04 1.69000e+02 -1.94249e+00 -1.82355e+00 -2.06144e+00 -2.17922e+00 -2.14458e+00 -2.21385e+00
3.42400e+04 1.71000e+02 -1.92169e+00 -1.83631e+00 -2.00707e+00 -2.16923e+00 -2.13737e+00 -2.20108e+00
3.45600e+04 1.72000e+02 -2.00143e+00 -1.89980e+00 -2.10307e+00 -2.15954e+00 -2.13036e+00 -2.18872e+00
3.48800e+04 1.74000e+02 -2.05337e+00 -1.99755e+00 -2.10919e+00 -2.15019e+00 -2.12354e+00 -2.17683e+00
3.52000e+04 1.76000e+02 -1.91500e+00 -1.82181e+00 -2.00819e+00 -2.14117e+00 -2.11683e+00 -2.16551e+00
3.55200e+04 1.77000e+02 -1.86664e+00 -1.75557e+00 -1.97771e+00 -2.13248e+00 -2.11016e+00 -2.15480e+00
3.58400e+04 1.79000e+02 -1.94769e+00 -1.85379e+00 -2.04160e+00 -2.12411e+00 -2.10345e+00 -2.14476e+00
3.61600e+04 1.80000e+02 -1.82836e+00 -1.75430e+00 -1.90241e+00 -2.11602e+00 -2.09661e+00 -2.13542e+00
3.64800e+04 1.82000e+02 -1.85048e+00 -1.77195e+00 -1.92900e+00 -2.10818e+00 -2.08960e+00 -2.12675e+00
3.68000e+04 1.84000e+02 -1.80234e+00 -1.66158e+00 -1.94311e+00 -2.10054e+00 -2.08241e+00 -2.11867e+00
3.71200e+04 1.85000e+02 -1.82899e+00 -1.68959e+00 -1.96839e+00 -2.09309e+00 -2.07512e+00 -2.11105e+00
3.74400e+04 1.87000e+02 -1.75367e+00 -1.69511e+00 -1.81223e+00 -2.08576e+00 -2.06779e+00 -2.10372e+00
3.77600e+04 1.88000e+02 -1.78755e+00 -1.68997e+00 -1.88513e+00 -2.07853e+00 -2.06053e+00 -2.09653e+00
3.80800e+04 1.90000e+02 -1.85694e+00 -1.85521e+00 -1.85867e+00 -2.07138e+00 -2.05342e+00 -2.08934e+00
3.84000e+04 1.92000e+02 -1.91618e+00 -1.81958e+00 -2.01278e+00 -2.06426e+00 -2.04651e+00 -2.08202e+00
3.87200e+04 1.93000e+02 -1.80832e+00 -1.65491e+00 -1.96173e+00 -2.05716e+00 -2.03984e+00 -2.07449e+00
3.90400e+04 1.95000e+02 -1.81172e+00 -1.73612e+00 -1.88733e+00 -2.05006e+00 -2.03341e+00 -2.06671e+00
3.93600e+04 1.96000e+02 -1.76826e+00 -1.65515e+00 -1.88136e+00 -2.04293e+00 -2.02722e+00 -2.05865e+00
3.96800e+04 1.98000e+02 -1.81730e+00 -1.71148e+00 -1.92312e+00 -2.03575e+00 -2.02120e+00 -2.05031e+00
4.00000e+04 2.00000e+02 -1.64700e+00 -1.60421e+00 -1.68980e+00 -2.02849e+00 -2.01527e+00 -2.04171e+00
4.03200e+04 2.01000e+02 -1.74371e+00 -1.63838e+00 -1.84903e+00 -2.02113e+00 -2.00937e+00 -2.03290e+00
4.06400e+04 2.03000e+02 -1.77017e+00 -1.63006e+00 -1.91028e+00 -2.01365e+00 -2.00337e+00 -2.02394e+00
4.09600e+04 2.04000e+02 -1.81335e+00 -1.76462e+00 -1.86208e+00 -2.00604e+00 -1.99717e+00 -2.01490e+00
4.12800e+04 2.06000e+02 -1.69076e+00 -1.62904e+00 -1.75248e+00 -1.99827e+00 -1.99068e+00 -2.00585e+00
4.16000e+04 2.08000e+02 -1.70023e+00 -1.59994e+00 -1.80052e+00 -1.99034e+00 -1.98380e+00 -1.99689e+00
4.19200e+04 2.09000e+02 -1.69405e+00 -1.62533e+00 -1.76277e+00 -1.98227e+00 -1.97650e+00 -1.98804e+00
4.22400e+04 2.11000e+02 -1.78328e+00 -1.63471e+00 -1.93185e+00 -1.97406e+00 -1.96881e+00 -1.97931e+00
4.25600e+04 2.12000e+02 -1.65495e+00 -1.56197e+00 -1.74793e+00 -1.96573e+00 -1.96083e+00 -1.97063e+00
4.28800e+04 2.14000e+02 -1.70654e+00 -1.65666e+00 -1.75642e+00 -1.95730e+00 -1.95270e+00 -1.96190e+00
4.32000e+04 2.16000e+02 -1.71876e+00 -1.60732e+00 -1.83021e+00 -1.94881e+00 -1.94453e+00 -1.95308e+00
4.35200e+04 2.17000e+02 -1.73626e+00 -1.70663e+00 -1.76589e+00 -1.94026e+00 -1.93635e+00 -1.94418e+00
4.38400e+04 2.19000e+02 -1.65113e+00 -1.59273e+00 -1.70954e+00 -1.93171e+00 -1.92811e+00 -1.93530e+00
4.41600e+04 2.20000e+02 -1.66174e+00 -1.58762e+00 -1.73585e+00 -1.92316e+00 -1.91967e+00 -1.92665e+00
4.44800e+04 2.22000e+02 -1.74645e+00 -1.64205e+00 -1.85085e+00 -1.91465e+00 -1.91084e+00 -1.91846e+00
4.48000e+04 2.24000e+02 -1.67623e+00 -1.58310e+00 -1.76936e+00 -1.90618e+00 -1.90156e+00 -1.91080e+00
4.51200e+04 2.25000e+02 -1.65827e+00 -1.57484e+00 -1.74170e+00 -1.89777e+00 -1.89197e+00 -1.90357e+00
4.54400e+04 2.27000e+02 -1.68495e+00 -1.64967e+00 -1.72024e+00 -1.88942e+00 -1.88220e+00 -1.89663e+00
4.57600e+04 2.28000e+02 -1.68840e+00 -1.59212e+00 -1.78468e+00 -1.88113e+00 -1.87239e+00 -1.88988e+00
4.60800e+04 2.30000e+02 -1.62462e+00 -1.61162e+00 -1.63762e+00 -1.87291e+00 -1.86262e+00 -1.88321e+00
4.64000e+04 2.32000e+02 -1.61906e+00 -1.53828e+00 -1.69984e+00 -1.86476e+00 -1.85295e+00 -1.87658e+00
4.67200e+04 2.33000e+02 -1.64715e+00 -1.57941e+00 -1.71490e+00 -1.85668e+00 -1.84345e+00 -1.86992e+00
4.70400e+04 2.35000e+02 -1.59728e+00 -1.49229e+00 -1.70226e+00 -1.84868e+00 -1.83414e+00 -1.86321e+00
4.73600e+04 2.36000e+02 -1.62813e+00 -1.54957e+00 -1.70668e+00 -1.84075e+00 -1.82506e+00 -1.85644e+00
4.76800e+04 2.38000e+02 -1.63765e+00 -1.58598e+00 -1.68932e+00 -1.83290e+00 -1.81622e+00 -1.84959e+00
4.80000e+04 2.40000e+02 -1.62731e+00 -1.54780e+00 -1.70683e+00 -1.82515e+00 -1.80763e+00 -1.84267e+00
4.83200e+04 2.41000e+02 -1.60040e+00 -1.55630e+00 -1.64450e+00 -1.81750e+00 -1.79928e+00 -1.83571e+00
4.86400e+04 2.43000e+02 -1.60441e+00 -1.56911e+00 -1.63970e+00 -1.80995e+00 -1.79119e+00 -1.82872e+00
4.89600e+04 2.44000e+02 -1.58913e+00 -1.49102e+00 -1.68724e+00 -1.80251e+00 -1.78331e+00 -1.82172e+00
4.92800e+04 2.46000e+02 -1.60548e+00 -1.53738e+00 -1.67358e+00 -1.79519e+00 -1.77566e+00 -1.81472e+00
4.96000e+04 2.48000e+02 -1.60185e+00 -1.56291e+00 -1.64078e+00 -1.78798e+00 -1.76822e+00 -1.80774e+00
4.99200e+04 2.49000e+02 -1.66383e+00 -1.60448e+00 -1.72318e+00 -1.78088e+00 -1.76097e+00 -1.80079e+00
5.02400e+04 2.51000e+02 -1.63443e+00 -1.60520e+00 -1.66366e+00 -1.77387e+00 -1.75390e+00 -1.79385e+00
5.05600e+04 2.52000e+02 -1.64291e+00 -1.52331e+00 -1.76251e+00 -1.76696e+00 -1.74699e+00 -1.78694e+00
5.08800e+04 2.54000e+02 -1.56811e+00 -1.49766e+00 -1.63856e+00 -1.76014e+00 -1.74023e+00 -1.78005e+00
5.12000e+04 2.56000e+02 -1.56321e+00 -1.52634e+00 -1.60008e+00 -1.75338e+00 -1.73359e+00 -1.77316e+00
5.15200e+04 2.57000e+02 -1.51949e+00 -1.46348e+00 -1.57549e+00 -1.74668e+00 -1.72707e+00 -1.76629e+00
5.18400e+04 2.59000e+02 -1.63591e+00 -1.56055e+00 -1.71127e+00 -1.74004e+00 -1.72065e+00 -1.75942e+00
5.21600e+04 2.60000e+02 -1.54353e+00 -1.48750e+00 -1.59957e+00 -1.73345e+00 -1.71431e+00 -1.75259e+00
5.24800e+04 2.62000e+02 -1.56801e+00 -1.52968e+00 -1.60634e+00 -1.72692e+00 -1.70804e+00 -1.74579e+00
5.28000e+04 2.64000e+02 -1.56004e+00 -1.51567e+00 -1.60440e+00 -1.72046e+00 -1.70185e+00 -1.73907e+00
5.31200e+04 2.65000e+02 -1.51620e+00 -1.47345e+00 -1.55895e+00 -1.71408e+00 -1.69574e+00 -1.73242e+00
5.34400e+04 2.67000e+02 -1.51687e+00 -1.47348e+00 -1.56026e+00 -1.70781e+00 -1.68972e+00 -1.72590e+00
5.37600e+04 2.68000e+02 -1.60368e+00 -1.57130e+00 -1.63605e+00 -1.70164e+00 -1.68377e+00 -1.71952e+00
5.40800e+04 2.70000e+02 -1.55974e+00 -1.52277e+00 -1.59671e+00 -1.69561e+00 -1.67792e+00 -1.71329e+00
5.44000e+04 2.72000e+02 -1.46476e+00 -1.40502e+00 -1.52450e+00 -1.68970e+00 -1.67217e+00 -1.70724e+00
5.47200e+04 2.73000e+02 -1.51182e+00 -1.43297e+00 -1.59067e+00 -1.68394e+00 -1.66652e+00 -1.70136e+00
5.50400e+04 2.75000e+02 -1.53470e+00 -1.51586e+00 -1.55355e+00 -1.67831e+00 -1.66096e+00 -1.69566e+00
5.53600e+04 2.76000e+02 -1.51194e+00 -1.46985e+00 -1.55403e+00 -1.67281e+00 -1.65548e+00 -1.69013e+00
5.56800e+04 2.78000e+02 -1.51779e+00 -1.45623e+00 -1.57936e+00 -1.66742e+00 -1.65008e+00 -1.68477e+00
5.60000e+04 2.80000e+02 -1.47707e+00 -1.41592e+00 -1.53822e+00 -1.66214e+00 -1.64471e+00 -1.67957e+00
5.63200e+04 2.81000e+02 -1.45413e+00 -1.38286e+00 -1.52540e+00 -1.65693e+00 -1.63937e+00 -1.67449e+00
5.66400e+04 2.83000e+02 -1.49650e+00 -1.47589e+00 -1.51711e+00 -1.65179e+00 -1.63404e+00 -1.66953e+00
5.69600e+04 2.84000e+02 -1.52181e+00 -1.48093e+00 -1.56270e+00 -1.64669e+00 -1.62871e+00 -1.66466e+00
5.72800e+04 2.86000e+02 -1.49213e+00 -1.39968e+00 -1.58458e+00 -1.64160e+00 -1.62335e+00 -1.65986e+00
5.76000e+04 2.88000e+02 -1.50705e+00 -1.49299e+00 -1.52110e+00 -1.63652e+00 -1.61796e+00 -1.65509e+00
5.79200e+04 2.89000e+02 -1.44870e+00 -1.40280e+00 -1.49461e+00 -1.63143e+00 -1.61252e+00 -1.65034e+00
5.82400e+04 2.91000e+02 -1.49263e+00 -1.43956e+00 -1.54570e+00 -1.62630e+00 -1.60701e+00 -1.64559e+00
5.85600e+04 2.92000e+02 -1.52879e+00 -1.38826e+00 -1.66931e+00 -1.62113e+00 -1.60144e+00 -1.64082e+00
5.88800e+04 2.94000e+02 -1.45669e+00 -1.40926e+00 -1.50411e+00 -1.61592e+00 -1.59581e+00 -1.63603e+00
5.92000e+04 2.96000e+02 -1.42383e+00 -1.36602e+00 -1.48163e+00 -1.61064e+00 -1.59010e+00 -1.63119e+00
5.95200e+04 2.97000e+02 -1.42459e+00 -1.33163e+00 -1.51755e+00 -1.60532e+00 -1.58433e+00 -1.62631e+00
5.98400e+04 2.99000e+02 -1.47329e+00 -1.45467e+00 -1.49191e+00 -1.59993e+00 -1.57848e+00 -1.62138e+00
6.01600e+04 3.00000e+02 -1.41695e+00 -1.40851e+00 -1.42539e+00 -1.59449e+00 -1.57257e+00 -1.61641e+00
6.04800e+04 3.02000e+02 -1.46519e+00 -1.37769e+00 -1.55269e+00 -1.58900e+00 -1.56659e+00 -1.61141e+00
6.08000e+04 3.04000e+02 -1.38311e+00 -1.33541e+00 -1.43081e+00 -1.58348e+00 -1.56056e+00 -1.60639e+00
6.11200e+04 3.05000e+02 -1.42649e+00 -1.39568e+00 -1.45730e+00 -1.57793e+00 -1.55449e+00 -1.60137e+00
6.14400e+04 3.07000e+02 -1.42394e+00 -1.35645e+00 -1.49143e+00 -1.57237e+00 -1.54839e+00 -1.59636e+00
6.17600e+04 3.08000e+02 -1.42056e+00 -1.40258e+00 -1.43853e+00 -1.56682e+00 -1.54225e+00 -1.59140e+00
6.20800e+04 3.10000e+02 -1.43881e+00 -1.37687e+00 -1.50075e+00 -1.56129e+00 -1.53609e+00 -1.58649e+00
6.24000e+04 3.12000e+02 -1.37462e+00 -1.30720e+00 -1.44205e+00 -1.55580e+00 -1.52993e+00 -1.58167e+00
6.27200e+04 3.13000e+02 -1.40231e+00 -1.30942e+00 -1.49521e+00 -1.55036e+00 -1.52377e+00 -1.57695e+00
6.30400e+04 3.15000e+02 -1.40246e+00 -1.34432e+00 -1.46059e+00 -1.54499e+00 -1.51763e+00 -1.57234e+00
6.33600e+04 3.16000e+02 -1.39180e+00 -1.35961e+00 -1.42400e+00 -1.53968e+00 -1.51152e+00 -1.56785e+00
6.36800e+04 3.18000e+02 -1.41453e+00 -1.33011e+00 -1.49896e+00 -1.53446e+00 -1.50544e+00 -1.56348e+00
6.40000e+04 3.20000e+02 -1.34610e+00 -1.29876e+00 -1.39344e+00 -1.52932e+00 -1.49942e+00 -1.55922e+00
6.43200e+04 3.21000e+02 -1.44514e+00 -1.38880e+00 -1.50147e+00 -1.52426e+00 -1.49346e+00 -1.55505e+00
6.46400e+04 3.23000e+02 -1.40121e+00 -1.34309e+00 -1.45933e+00 -1.51928e+00 -1.48758e+00 -1.55098e+00
6.49600e+04 3.24000e+02 -1.37343e+00 -1.29167e+00 -1.45519e+00 -1.51438e+00 -1.48179e+00 -1.54696e+00
6.52800e+04 3.26000e+02 -1.38170e+00 -1.34657e+00 -1.41683e+00 -1.50955e+00 -1.47610e+00 -1.54300e+00
6.56000e+04 3.28000e+02 -1.38104e+00 -1.30370e+00 -1.45839e+00 -1.50478e+00 -1.47049e+00 -1.53907e+00
6.59200e+04 3.29000e+02 -1.39469e+00 -1.38656e+00 -1.40281e+00 -1.50007e+00 -1.46499e+00 -1.53514e+00
6.62400e+04 3.31000e+02 -1.37721e+00 -1.34324e+00 -1.41118e+00 -1.49540e+00 -1.45958e+00 -1.53123e+00
6.65600e+04 3.32000e+02 -1.34207e+00 -1.31227e+00 -1.37187e+00 -1.49078e+00 -1.45425e+00 -1.52731e+00
6.68800e+04 3.34000e+02 -1.37184e+00 -1.26929e+00 -1.47439e+00 -1.48621e+00 -1.44903e+00 -1.52339e+00
6.72000e+04 3.36000e+02 -1.31556e+00 -1.20793e+00 -1.42319e+00 -1.48168e+00 -1.44387e+00 -1.51948e+00
6.75200e+04 3.37000e+02 -1.34534e+00 -1.31274e+00 -1.37795e+00 -1.47718e+00 -1.43879e+00 -1.51557e+00
6.78400e+04 3.39000e+02 -1.31461e+00 -1.24816e+00 -1.38106e+00 -1.47273e+00 -1.43379e+00 -1.51168e+00
6.81600e+04 3.40000e+02 -1.35807e+00 -1.27505e+00 -1.44110e+00 -1.46833e+00 -1.42886e+00 -1.50780e+00
6.84800e+04 3.42000e+02 -1.30676e+00 -1.21980e+00 -1.39372e+00 -1.46397e+00 -1.42400e+00 -1.50394e+00
6.88000e+04 3.44000e+02 -1.33785e+00 -1.21907e+00 -1.45663e+00 -1.45966e+00 -1.41920e+00 -1.50012e+00
6.91200e+04 3.45000e+02 -1.31562e+00 -1.25171e+00 -1.37953e+00 -1.45539e+00 -1.41447e+00 -1.49631e+00
6.94400e+04 3.47000e+02 -1.38935e+00 -1.34639e+00 -1.43231e+00 -1.45117e+00 -1.40981e+00 -1.49253e+00
6.97600e+04 3.48000e+02 -1.30507e+00 -1.23530e+00 -1.37483e+00 -1.44699e+00 -1.40521e+00 -1.48877e+00
7.00800e+04 3.50000e+02 -1.33370e+00 -1.24749e+00 -1.41991e+00 -1.44284e+00 -1.40066e+00 -1.48502e+00
7.04000e+04 3.52000e+02 -1.34664e+00 -1.27078e+00 -1.42251e+00 -1.43872e+00 -1.39616e+00 -1.48128e+00
7.07200e+04 3.53000e+02 -1.33445e+00 -1.23172e+00 -1.43719e+00 -1.43462e+00 -1.39169e+00 -1.47755e+00
7.10400e+04 3.55000e+02 -1.23397e+00 -1.13716e+00 -1.33079e+00 -1.43052e+00 -1.38724e+00 -1.47380e+00
7.13600e+04 3.56000e+02 -1.33905e+00 -1.30751e+00 -1.37058e+00 -1.42641e+00 -1.38277e+00 -1.47005e+00
7.16800e+04 3.58000e+02 -1.31347e+00 -1.26517e+00 -1.36176e+00 -1.42228e+00 -1.37828e+00 -1.46628e+00
7.20000e+04 3.60000e+02 -1.24645e+00 -1.17600e+00 -1.31690e+00 -1.41814e+00 -1.37376e+00 -1.46251e+00
7.23200e+04 3.61000e+02 -1.30078e+00 -1.21720e+00 -1.38436e+00 -1.41395e+00 -1.36917e+00 -1.45873e+00
7.26400e+04 3.63000e+02 -1.24569e+00 -1.15656e+00 -1.33482e+00 -1.40974e+00 -1.36452e+00 -1.45496e+00
7.29600e+04 3.64000e+02 -1.30070e+00 -1.23526e+00 -1.36614e+00 -1.40551e+00 -1.35980e+00 -1.45121e+00
7.32800e+04 3.66000e+02 -1.26814e+00 -1.19536e+00 -1.34092e+00 -1.40126e+00 -1.35501e+00 -1.44751e+00
7.36000e+04 3.68000e+02 -1.29438e+00 -1.22838e+00 -1.36037e+00 -1.39701e+00 -1.35015e+00 -1.44387e+00
7.39200e+04 3.69000e+02 -1.27653e+00 -1.18179e+00 -1.37127e+00 -1.39277e+00 -1.34525e+00 -1.44029e+00
7.42400e+04 3.71000e+02 -1.27994e+00 -1.21531e+00 -1.34457e+00 -1.38856e+00 -1.34032e+00 -1.43680e+00
7.45600e+04 3.72000e+02 -1.25553e+00 -1.17501e+00 -1.33604e+00 -1.38438e+00 -1.33537e+00 -1.43340e+00
7.48800e+04 3.74000e+02 -1.25135e+00 -1.12462e+00 -1.37808e+00 -1.38025e+00 -1.33041e+00 -1.43009e+00
7.52000e+04 3.76000e+02 -1.27954e+00 -1.20745e+00 -1.35162e+00 -1.37618e+00 -1.32548e+00 -1.42689e+00
7.55200e+04 3.77000e+02 -1.26112e+00 -1.12886e+00 -1.39338e+00 -1.37216e+00 -1.32056e+00 -1.42376e+00
7.58400e+04 3.79000e+02 -1.30262e+00 -1.21513e+00 -1.39011e+00 -1.36818e+00 -1.31568e+00 -1.42069e+00
7.61600e+04 3.80000e+02 -1.23818e+00 -1.14666e+00 -1.32969e+00 -1.36425e+00 -1.31081e+00 -1.41769e+00
7.64800e+04 3.82000e+02 -1.24833e+00 -1.22568e+00 -1.27099e+00 -1.36035e+00 -1.30598e+00 -1.41472e+00
7.68000e+04 3.84000e+02 -1.24146e+00 -1.17856e+00 -1.30437e+00 -1.35648e+00 -1.30118e+00 -1.41177e+00
7.71200e+04 3.85000e+02 -1.26220e+00 -1.18285e+00 -1.34156e+00 -1.35262e+00 -1.29640e+00 -1.40884e+00
7.74400e+04 3.87000e+02 -1.22583e+00 -1.14153e+00 -1.31013e+00 -1.34877e+00 -1.29164e+00 -1.40591e+00
7.77600e+04 3.88000e+02 -1.28723e+00 -1.19278e+00 -1.38168e+00 -1.34494e+00 -1.28690e+00 -1.40298e+00
7.80800e+04 3.90000e+02 -1.28649e+00 -1.25177e+00 -1.32122e+00 -1.34112e+00 -1.28219e+00 -1.40006e+00
7.84000e+04 3.92000e+02 -1.24755e+00 -1.20960e+00 -1.28550e+00 -1.33733e+00 -1.27749e+00 -1.39716e+00
7.87200e+04 3.93000e+02 -1.23681e+00 -1.14726e+00 -1.32636e+00 -1.33355e+00 -1.27281e+00 -1.39429e+00
7.90400e+04 3.95000e+02 -1.23960e+00 -1.15601e+00 -1.32319e+00 -1.32981e+00 -1.26816e+00 -1.39146e+00
7.93600e+04 3.96000e+02 -1.20386e+00 -1.14234e+00 -1.26538e+00 -1.32611e+00 -1.26354e+00 -1.38868e+00
7.96800e+04 3.98000e+02 -1.24505e+00 -1.20167e+00 -1.28843e+00 -1.32245e+00 -1.25895e+00 -1.38596e+00
8.00000e+04 4.00000e+02 -1.27160e+00 -1.23466e+00 -1.30854e+00 -1.31886e+00 -1.25441e+00 -1.38331e+00
8.03200e+04 4.01000e+02 -1.20195e+00 -1.14549e+00 -1.25840e+00 -1.31533e+00 -1.24994e+00 -1.38072e+00
8.06400e+04 4.03000e+02 -1.24524e+00 -1.18218e+00 -1.30829e+00 -1.31187e+00 -1.24554e+00 -1.37819e+00
8.09600e+04 4.04000e+02 -1.23119e+00 -1.13409e+00 -1.32829e+00 -1.30849e+00 -1.24125e+00 -1.37573e+00
8.12800e+04 4.06000e+02 -1.28368e+00 -1.17967e+00 -1.38769e+00 -1.30519e+00 -1.23708e+00 -1.37330e+00
8.16000e+04 4.08000e+02 -1.20657e+00 -1.13625e+00 -1.27689e+00 -1.30198e+00 -1.23305e+00 -1.37091e+00
8.19200e+04 4.09000e+02 -1.24193e+00 -1.13725e+00 -1.34661e+00 -1.29887e+00 -1.22920e+00 -1.36854e+00
8.22400e+04 4.11000e+02 -1.22580e+00 -1.16280e+00 -1.28880e+00 -1.29585e+00 -1.22552e+00 -1.36617e+00
8.25600e+04 4.12000e+02 -1.20209e+00 -1.12898e+00 -1.27519e+00 -1.29291e+00 -1.22204e+00 -1.36378e+00
8.28800e+04 4.14000e+02 -1.20388e+00 -1.17660e+00 -1.23116e+00 -1.29006e+00 -1.21877e+00 -1.36135e+00
8.32000e+04 4.16000e+02 -1.19981e+00 -1.15513e+00 -1.24449e+00 -1.28729e+00 -1.21570e+00 -1.35888e+00
8.35200e+04 4.17000e+02 -1.18950e+00 -1.10656e+00 -1.27244e+00 -1.28460e+00 -1.21284e+00 -1.35637e+00
8.38400e+04 4.19000e+02 -1.20487e+00 -1.14003e+00 -1.26971e+00 -1.28198e+00 -1.21016e+00 -1.35379e+00
8.41600e+04 4.20000e+02 -1.19077e+00 -1.12377e+00 -1.25777e+00 -1.27941e+00 -1.20766e+00 -1.35116e+00
8.44800e+04 4.22000e+02 -1.19054e+00 -1.15027e+00 -1.23082e+00 -1.27690e+00 -1.20531e+00 -1.34848e+00
8.48000e+04 4.24000e+02 -1.16692e+00 -1.10419e+00 -1.22966e+00 -1.27443e+00 -1.20309e+00 -1.34578e+00
8.51200e+04 4.25000e+02 -1.19759e+00 -1.08647e+00 -1.30872e+00 -1.27200e+00 -1.20097e+00 -1.34304e+00
8.54400e+04 4.27000e+02 -1.15607e+00 -1.05910e+00 -1.25304e+00 -1.26961e+00 -1.19894e+00 -1.34027e+00
8.57600e+04 4.28000e+02 -1.16897e+00 -1.11313e+00 -1.22481e+00 -1.26723e+00 -1.19695e+00 -1.33751e+00
8.60800e+04 4.30000e+02 -1.17282e+00 -1.09503e+00 -1.25061e+00 -1.26488e+00 -1.19500e+00 -1.33476e+00
8.64000e+04 4.32000e+02 -1.15757e+00 -1.10500e+00 -1.21013e+00 -1.26252e+00 -1.19305e+00 -1.33200e+00
8.67200e+04 4.33000e+02 -1.17487e+00 -1.06889e+00 -1.28085e+00 -1.26017e+00 -1.19109e+00 -1.32926e+00
8.70400e+04 4.35000e+02 -1.17641e+00 -1.11589e+00 -1.23692e+00 -1.25781e+00 -1.18911e+00 -1.32651e+00
8.73600e+04 4.36000e+02 -1.16456e+00 -1.06561e+00 -1.26351e+00 -1.25544e+00 -1.18710e+00 -1.32377e+00
8.76800e+04 4.38000e+02 -1.20434e+00 -1.13629e+00 -1.27239e+00 -1.25304e+00 -1.18505e+00 -1.32103e+00
8.80000e+04 4.40000e+02 -1.18140e+00 -1.09983e+00 -1.26297e+00 -1.25061e+00 -1.18295e+00 -1.31827e+00
8.83200e+04 4.41000e+02 -1.13521e+00 -1.04652e+00 -1.22390e+00 -1.24814e+00 -1.18079e+00 -1.31549e+00
8.86400e+04 4.43000e+02 -1.14761e+00 -1.08540e+00 -1.20982e+00 -1.24563e+00 -1.17858e+00 -1.31268e+00
8.89600e+04 4.44000e+02 -1.16480e+00 -1.09222e+00 -1.23738e+00 -1.24308e+00 -1.17631e+00 -1.30985e+00
8.92800e+04 4.46000e+02 -1.16020e+00 -1.07812e+00 -1.24229e+00 -1.24047e+00 -1.17397e+00 -1.30697e+00
8.96000e+04 4.48000e+02 -1.13486e+00 -1.03921e+00 -1.23052e+00 -1.23780e+00 -1.17155e+00 -1.30406e+00
8.99200e+04 4.49000e+02 -1.15420e+00 -1.10392e+00 -1.20447e+00 -1.23508e+00 -1.16904e+00 -1.30112e+00
9.02400e+04 4.51000e+02 -1.17269e+00 -1.13608e+00 -1.20929e+00 -1.23229e+00 -1.16643e+00 -1.29815e+00
9.05600e+04 4.52000e+02 -1.16949e+00 -1.09790e+00 -1.24107e+00 -1.22945e+00 -1.16373e+00 -1.29518e+00
9.08800e+04 4.54000e+02 -1.13205e+00 -1.07408e+00 -1.19002e+00 -1.22657e+00 -1.16093e+00 -1.29220e+00
9.12000e+04 4.56000e+02 -1.14153e+00 -1.10588e+00 -1.17718e+00 -1.22363e+00 -1.15803e+00 -1.28924e+00
9.15200e+04 4.57000e+02 -1.11124e+00 -1.06500e+00 -1.15747e+00 -1.22067e+00 -1.15504e+00 -1.28629e+00
9.18400e+04 4.59000e+02 -1.14034e+00 -1.05434e+00 -1.22635e+00 -1.21768e+00 -1.15197e+00 -1.28338e+00
9.21600e+04 4.60000e+02 -1.13700e+00 -1.07021e+00 -1.20379e+00 -1.21466e+00 -1.14882e+00 -1.28050e+00
9.24800e+04 4.62000e+02 -1.19034e+00 -1.14755e+00 -1.23313e+00 -1.21164e+00 -1.14562e+00 -1.27767e+00
9.28000e+04 4.64000e+02 -1.12135e+00 -1.07220e+00 -1.17049e+00 -1.20862e+00 -1.14238e+00 -1.27487e+00
9.31200e+04 4.65000e+02 -1.12955e+00 -1.05583e+00 -1.20327e+00 -1.20561e+00 -1.13911e+00 -1.27211e+00
9.34400e+04 4.67000e+02 -1.12239e+00 -1.03133e+00 -1.21346e+00 -1.20261e+00 -1.13585e+00 -1.26936e+00
9.37600e+04 4.68000e+02 -1.11537e+00 -1.04177e+00 -1.18898e+00 -1.19963e+00 -1.13261e+00 -1.26665e+00
9.40800e+04 4.70000e+02 -1.13634e+00 -1.06448e+00 -1.20820e+00 -1.19667e+00 -1.12941e+00 -1.26394e+00
9.44000e+04 4.72000e+02 -1.13129e+00 -1.07378e+00 -1.18880e+00 -1.19376e+00 -1.12628e+00 -1.26123e+00
9.47200e+04 4.73000e+02 -1.11859e+00 -1.03751e+00 -1.19967e+00 -1.19088e+00 -1.12324e+00 -1.25853e+00
9.50400e+04 4.75000e+02 -1.09014e+00 -9.95124e-01 -1.18516e+00 -1.18805e+00 -1.12030e+00 -1.25581e+00
9.53600e+04 4.76000e+02 -1.12412e+00 -1.06863e+00 -1.17962e+00 -1.18528e+00 -1.11748e+00 -1.25309e+00
9.56800e+04 4.78000e+02 -1.10554e+00 -1.06873e+00 -1.14235e+00 -1.18257e+00 -1.11477e+00 -1.25036e+00
9.60000e+04 4.80000e+02 -1.13305e+00 -1.05769e+00 -1.20841e+00 -1.17991e+00 -1.11219e+00 -1.24763e+00
9.63200e+04 4.81000e+02 -1.10851e+00 -1.02315e+00 -1.19387e+00 -1.17732e+00 -1.10974e+00 -1.24489e+00
9.66400e+04 4.83000e+02 -1.10736e+00 -1.04098e+00 -1.17374e+00 -1.17479e+00 -1.10740e+00 -1.24218e+00
9.69600e+04 4.84000e+02 -1.11412e+00 -1.08045e+00 -1.14780e+00 -1.17231e+00 -1.10515e+00 -1.23946e+00
9.72800e+04 4.86000e+02 -1.09265e+00 -1.00551e+00 -1.17979e+00 -1.16988e+00 -1.10299e+00 -1.23678e+00
9.76000e+04 4.88000e+02 -1.10291e+00 -1.04943e+00 -1.15639e+00 -1.16751e+00 -1.10089e+00 -1.23413e+00
9.79200e+04 4.89000e+02 -1.15215e+00 -1.06823e+00 -1.23607e+00 -1.16517e+00 -1.09884e+00 -1.23151e+00
9.82400e+04 4.91000e+02 -1.11578e+00 -1.06823e+00 -1.16333e+00 -1.16288e+00 -1.09681e+00 -1.22894e+00
9.85600e+04 4.92000e+02 -1.13472e+00 -1.08532e+00 -1.18411e+00 -1.16062e+00 -1.09481e+00 -1.22643e+00
9.88800e+04 4.94000e+02 -1.11817e+00 -1.05048e+00 -1.18586e+00 -1.15838e+00 -1.09280e+00 -1.22397e+00
9.92000e+04 4.96000e+02 -1.07692e+00 -1.00585e+00 -1.14800e+00 -1.15618e+00 -1.09079e+00 -1.22157e+00
9.95200e+04 4.97000e+02 -1.06599e+00 -9.91530e-01 -1.14046e+00 -1.15400e+00 -1.08877e+00 -1.21922e+00
9.98400e+04 4.99000e+02 -1.04770e+00 -9.56875e-01 -1.13852e+00 -1.15184e+00 -1.08673e+00 -1.21695e+00
1.00160e+05 5.00000e+02 -1.06443e+00 -9.92171e-01 -1.13669e+00 -1.14970e+00 -1.08468e+00 -1.21472e+00
1.00480e+05 5.02000e+02 -1.07713e+00 -1.00203e+00 -1.15223e+00 -1.14759e+00 -1.08262e+00 -1.21256e+00
1.00800e+05 5.04000e+02 -1.10659e+00 -1.03778e+00 -1.17539e+00 -1.14551e+00 -1.08057e+00 -1.21045e+00
1.01120e+05 5.05000e+02 -1.05555e+00 -9.37271e-01 -1.17382e+00 -1.14346e+00 -1.07852e+00 -1.20840e+00
1.01440e+05 5.07000e+02 -1.08275e+00 -1.00614e+00 -1.15937e+00 -1.14144e+00 -1.07648e+00 -1.20640e+00
1.01760e+05 5.08000e+02 -1.11532e+00 -1.02440e+00 -1.20625e+00 -1.13947e+00 -1.07448e+00 -1.20446e+00
1.02080e+05 5.10000e+02 -1.11341e+00 -1.04588e+00 -1.18094e+00 -1.13754e+00 -1.07252e+00 -1.20256e+00
1.02400e+05 5.12000e+02 -1.10030e+00 -9.97428e-01 -1.20317e+00 -1.13566e+00 -1.07060e+00 -1.20072e+00
1.02720e+05 5.13000e+02 -1.06441e+00 -9.84446e-01 -1.14437e+00 -1.13382e+00 -1.06873e+00 -1.19891e+00
1.03040e+05 5.15000e+02 -1.09735e+00 -9.99898e-01 -1.19480e+00 -1.13202e+00 -1.06690e+00 -1.19714e+00
1.03360e+05 5.16000e+02 -1.05746e+00 -9.94180e-01 -1.12073e+00 -1.13025e+00 -1.06511e+00 -1.19539e+00
1.03680e+05 5.18000e+02 -1.05468e+00 -9.99070e-01 -1.11028e+00 -1.12849e+00 -1.06332e+00 -1.19366e+00
1.04000e+05 5.20000e+02 -1.04411e+00 -9.74164e-01 -1.11406e+00 -1.12674e+00 -1.06153e+00 -1.19194e+00
1.04320e+05 5.21000e+02 -1.05079e+00 -9.77106e-01 -1.12448e+00 -1.12498e+00 -1.05972e+00 -1.19024e+00
1.04640e+05 5.23000e+02 -1.07069e+00 -9.98671e-01 -1.14271e+00 -1.12320e+00 -1.05786e+00 -1.18854e+00
1.04960e+05 5.24000e+02 -1.11531e+00 -1.01794e+00 -1.21267e+00 -1.12140e+00 -1.05594e+00 -1.18686e+00
1.05280e+05 5.26000e+02 -1.06447e+00 -9.81716e-01 -1.14722e+00 -1.11957e+00 -1.05396e+00 -1.18518e+00
1.05600e+05 5.28000e+02 -1.05883e+00 -1.00624e+00 -1.11143e+00 -1.11772e+00 -1.05192e+00 -1.18353e+00
1.05920e+05 5.29000e+02 -1.05162e+00 -9.93336e-01 -1.10990e+00 -1.11586e+00 -1.04981e+00 -1.18191e+00
1.06240e+05 5.31000e+02 -1.05867e+00 -9.83992e-01 -1.13334e+00 -1.11398e+00 -1.04764e+00 -1.18032e+00
1.06560e+05 5.32000e+02 -1.05269e+00 -1.00349e+00 -1.10189e+00 -1.11209e+00 -1.04543e+00 -1.17875e+00
1.06880e+05 5.34000e+02 -1.06631e+00 -9.87124e-01 -1.14549e+00 -1.11020e+00 -1.04317e+00 -1.17723e+00
1.07200e+05 5.36000e+02 -1.03379e+00 -9.57851e-01 -1.10974e+00 -1.10831e+00 -1.04090e+00 -1.17573e+00
1.07520e+05 5.37000e+02 -1.03044e+00 -9.64401e-01 -1.09649e+00 -1.10643e+00 -1.03861e+00 -1.17425e+00
1.07840e+05 5.39000e+02 -1.03560e+00 -9.87211e-01 -1.08398e+00 -1.10456e+00 -1.03633e+00 -1.17280e+00
1.08160e+05 5.40000e+02 -1.06548e+00 -9.91381e-01 -1.13958e+00 -1.10271e+00 -1.03406e+00 -1.17135e+00
1.08480e+05 5.42000e+02 -1.05422e+00 -9.82302e-01 -1.12614e+00 -1.10086e+00 -1.03181e+00 -1.16991e+00
1.08800e+05 5.44000e+02 -1.04266e+00 -9.27553e-01 -1.15777e+00 -1.09904e+00 -1.02961e+00 -1.16847e+00
1.09120e+05 5.45000e+02 -1.06280e+00 -1.01034e+00 -1.11526e+00 -1.09724e+00 -1.02746e+00 -1.16702e+00
1.09440e+05 5.47000e+02 -1.00324e+00 -9.63845e-01 -1.04265e+00 -1.09546e+00 -1.02536e+00 -1.16555e+00
1.09760e+05 5.48000e+02 -1.08659e+00 -1.00403e+00 -1.16916e+00 -1.09370e+00 -1.02333e+00 -1.16406e+00
1.10080e+05 5.50000e+02 -1.04111e+00 -9.59230e-01 -1.12298e+00 -1.09196e+00 -1.02137e+00 -1.16254e+00
1.10400e+05 5.52000e+02 -1.01433e+00 -9.26036e-01 -1.10262e+00 -1.09023e+00 -1.01948e+00 -1.16098e+00
1.10720e+05 5.53000e+02 -1.04753e+00 -9.63368e-01 -1.13169e+00 -1.08852e+00 -1.01766e+00 -1.15939e+00
1.11040e+05 5.55000e+02 -1.03780e+00 -9.58070e-01 -1.11754e+00 -1.08683e+00 -1.01591e+00 -1.15775e+00
1.11360e+05 5.56000e+02 -1.04960e+00 -9.98246e-01 -1.10094e+00 -1.08515e+00 -1.01425e+00 -1.15606e+00
1.11680e+05 5.58000e+02 -1.05324e+00 -9.81869e-01 -1.12461e+00 -1.08349e+00 -1.01265e+00 -1.15433e+00
1.12000e+05 5.60000e+02 -1.01290e+00 -9.38096e-01 -1.08770e+00 -1.08186e+00 -1.01114e+00 -1.15257e+00
1.12320e+05 5.61000e+02 -1.04616e+00 -9.74862e-01 -1.11745e+00 -1.08024e+00 -1.00971e+00 -1.15078e+00
1.12640e+05 5.63000e+02 -1.02613e+00 -9.65827e-01 -1.08642e+00 -1.07866e+00 -1.00835e+00 -1.14896e+00
1.12960e+05 5.64000e+02 -1.01911e+00 -9.54516e-01 -1.08371e+00 -1.07710e+00 -1.00708e+00 -1.14712e+00
1.13280e+05 5.66000e+02 -1.02779e+00 -9.51569e-01 -1.10401e+00 -1.07557e+00 -1.00585e+00 -1.14529e+00
1.13600e+05 5.68000e+02 -9.99168e-01 -9.02244e-01 -1.09609e+00 -1.07407e+00 -1.00468e+00 -1.14346e+00
1.13920e+05 5.69000e+02 -1.04397e+00 -9.86210e-01 -1.10173e+00 -1.07260e+00 -1.00355e+00 -1.14165e+00
1.14240e+05 5.71000e+02 -9.97900e-01 -9.12941e-01 -1.08286e+00 -1.07115e+00 -1.00244e+00 -1.13986e+00
1.14560e+05 5.72000e+02 -1.03549e+00 -9.67460e-01 -1.10352e+00 -1.06972e+00 -1.00133e+00 -1.13810e+00
1.14880e+05 5.74000e+02 -1.01257e+00 -9.42766e-01 -1.08238e+00 -1.06830e+00 -1.00021e+00 -1.13638e+00
1.15200e+05 5.76000e+02 -1.02356e+00 -9.39835e-01 -1.10729e+00 -1.06688e+00 -9.99070e-01 -1.13468e+00
1.15520e+05 5.77000e+02 -1.02793e+00 -9.40485e-01 -1.11538e+00 -1.06545e+00 -9.97879e-01 -1.13302e+00
1.15840e+05 5.79000e+02 -1.02355e+00 -9.44840e-01 -1.10225e+00 -1.06401e+00 -9.96639e-01 -1.13139e+00
1.16160e+05 5.80000e+02 -9.96491e-01 -9.13537e-01 -1.07944e+00 -1.06255e+00 -9.95335e-01 -1.12977e+00
1.16480e+05 5.82000e+02 -1.04025e+00 -9.58491e-01 -1.12202e+00 -1.06107e+00 -9.93969e-01 -1.12817e+00
1.16800e+05 5.84000e+02 -1.02818e+00 -9.56419e-01 -1.09994e+00 -1.05956e+00 -9.92536e-01 -1.12658e+00
1.17120e+05 5.85000e+02 -9.98273e-01 -9.25121e-01 -1.07142e+00 -1.05801e+00 -9.91037e-01 -1.12499e+00
1.17440e+05 5.87000e+02 -1.01892e+00 -9.39131e-01 -1.09871e+00 -1.05644e+00 -9.89483e-01 -1.12340e+00
1.17760e+05 5.88000e+02 -1.02232e+00 -9.44090e-01 -1.10056e+00 -1.05485e+00 -9.87874e-01 -1.12183e+00
1.18080e+05 5.90000e+02 -1.03765e+00 -9.76996e-01 -1.09831e+00 -1.05324e+00 -9.86224e-01 -1.12025e+00
1.18400e+05 5.92000e+02 -9.88723e-01 -9.25855e-01 -1.05159e+00 -1.05162e+00 -9.84544e-01 -1.11869e+00
1.18720e+05 5.93000e+02 -1.01571e+00 -9.40389e-01 -1.09103e+00 -1.04999e+00 -9.82839e-01 -1.11714e+00
1.19040e+05 5.95000e+02 -1.02926e+00 -9.70015e-01 -1.08852e+00 -1.04837e+00 -9.81122e-01 -1.11562e+00
1.19360e+05 5.96000e+02 -1.02909e+00 -9.52190e-01 -1.10598e+00 -1.04676e+00 -9.79398e-01 -1.11413e+00
1.19680e+05 5.98000e+02 -1.02994e+00 -9.72538e-01 -1.08734e+00 -1.04518e+00 -9.77680e-01 -1.11269e+00
1.20000e+05 6.00000e+02 -1.02328e+00 -9.71981e-01 -1.07458e+00 -1.04363e+00 -9.75975e-01 -1.11129e+00
1.20320e+05 6.01000e+02 -1.04575e+00 -1.01073e+00 -1.08077e+00 -1.04213e+00 -9.74291e-01 -1.10997e+00
1.20640e+05 6.03000e+02 -9.90821e-01 -9.30311e-01 -1.05133e+00 -1.04067e+00 -9.72640e-01 -1.10871e+00
1.20960e+05 6.04000e+02 -1.01318e+00 -9.46445e-01 -1.07992e+00 -1.03927e+00 -9.71025e-01 -1.10751e+00
1.21280e+05 6.06000e+02 -1.01955e+00 -9.69897e-01 -1.06919e+00 -1.03793e+00 -9.69458e-01 -1.10640e+00
1.21600e+05 6.08000e+02 -1.01772e+00 -9.54626e-01 -1.08081e+00 -1.03665e+00 -9.67952e-01 -1.10534e+00
1.21920e+05 6.09000e+02 -1.01745e+00 -9.51320e-01 -1.08359e+00 -1.03544e+00 -9.66514e-01 -1.10437e+00
1.22240e+05 6.11000e+02 -1.01624e+00 -9.37602e-01 -1.09487e+00 -1.03430e+00 -9.65156e-01 -1.10345e+00
1.22560e+05 6.12000e+02 -1.02080e+00 -9.80541e-01 -1.06105e+00 -1.03323e+00 -9.63879e-01 -1.10259e+00
1.22880e+05 6.14000e+02 -9.89778e-01 -9.18841e-01 -1.06072e+00 -1.03224e+00 -9.62697e-01 -1.10178e+00
1.23200e+05 6.16000e+02 -1.00001e+00 -9.43976e-01 -1.05604e+00 -1.03131e+00 -9.61619e-01 -1.10100e+00
1.23520e+05 6.17000e+02 -9.94858e-01 -9.40141e-01 -1.04958e+00 -1.03045e+00 -9.60649e-01 -1.10026e+00
1.23840e+05 6.19000e+02 -1.01537e+00 -9.54024e-01 -1.07672e+00 -1.02966e+00 -9.59787e-01 -1.09954e+00
1.24160e+05 6.20000e+02 -9.88739e-01 -9.31303e-01 -1.04617e+00 -1.02893e+00 -9.59034e-01 -1.09883e+00
1.24480e+05 6.22000e+02 -9.86744e-01 -9.33516e-01 -1.03997e+00 -1.02826e+00 -9.58390e-01 -1.09813e+00
1.24800e+05 6.24000e+02 -1.02210e+00 -9.93124e-01 -1.05108e+00 -1.02763e+00 -9.57851e-01 -1.09741e+00
1.25120e+05 6.25000e+02 -9.86613e-01 -9.37744e-01 -1.03548e+00 -1.02704e+00 -9.57404e-01 -1.09668e+00
1.25440e+05 6.27000e+02 -9.78251e-01 -9.11597e-01 -1.04490e+00 -1.02649e+00 -9.57043e-01 -1.09593e+00
1.25760e+05 6.28000e+02 -9.82418e-01 -9.26808e-01 -1.03803e+00 -1.02594e+00 -9.56751e-01 -1.09513e+00
1.26080e+05 6.30000e+02 -9.82622e-01 -9.12334e-01 -1.05291e+00 -1.02541e+00 -9.56514e-01 -1.09431e+00
1.26400e+05 6.32000e+02 -1.00137e+00 -9.46131e-01 -1.05661e+00 -1.02487e+00 -9.56313e-01 -1.09342e+00
1.26720e+05 6.33000e+02 -1.00030e+00 -9.40657e-01 -1.05994e+00 -1.02430e+00 -9.56140e-01 -1.09247e+00
1.27040e+05 6.35000e+02 -1.01082e+00 -9.67216e-01 -1.05442e+00 -1.02371e+00 -9.55972e-01 -1.09144e+00
1.27360e+05 6.36000e+02 -1.01651e+00 -9.67485e-01 -1.06553e+00 -1.02307e+00 -9.55798e-01 -1.09034e+00
1.27680e+05 6.38000e+02 -9.85250e-01 -9.29544e-01 -1.04096e+00 -1.02238e+00 -9.55619e-01 -1.08915e+00
1.28000e+05 6.40000e+02 -9.87759e-01 -9.17288e-01 -1.05823e+00 -1.02164e+00 -9.55422e-01 -1.08787e+00
1.28320e+05 6.41000e+02 -9.78708e-01 -9.15876e-01 -1.04154e+00 -1.02085e+00 -9.55204e-01 -1.08649e+00
1.28640e+05 6.43000e+02 -9.72393e-01 -9.21645e-01 -1.02314e+00 -1.01999e+00 -9.54969e-01 -1.08502e+00
1.28960e+05 6.44000e+02 -9.81392e-01 -9.40975e-01 -1.02181e+00 -1.01909e+00 -9.54719e-01 -1.08346e+00
1.29280e+05 6.46000e+02 -1.01754e+00 -9.63132e-01 -1.07195e+00 -1.01814e+00 -9.54452e-01 -1.08182e+00
1.29600e+05 6.48000e+02 -1.01224e+00 -9.74578e-01 -1.04990e+00 -1.01714e+00 -9.54179e-01 -1.08011e+00
1.29920e+05 6.49000e+02 -9.74313e-01 -9.33492e-01 -1.01513e+00 -1.01612e+00 -9.53898e-01 -1.07835e+00
1.30240e+05 6.51000e+02 -9.74450e-01 -9.17897e-01 -1.03100e+00 -1.01507e+00 -9.53611e-01 -1.07653e+00
1.30560e+05 6.52000e+02 -9.83428e-01 -9.07951e-01 -1.05891e+00 -1.01401e+00 -9.53318e-01 -1.07470e+00
1.30880e+05 6.54000e+02 -1.01060e+00 -9.76214e-01 -1.04499e+00 -1.01294e+00 -9.53015e-01 -1.07286e+00
1.31200e+05 6.56000e+02 -1.00345e+00 -9.64246e-01 -1.04264e+00 -1.01186e+00 -9.52701e-01 -1.07103e+00
1.31520e+05 6.57000e+02 -9.99064e-01 -9.23227e-01 -1.07490e+00 -1.01079e+00 -9.52369e-01 -1.06922e+00
1.31840e+05 6.59000e+02 -9.97588e-01 -9.64838e-01 -1.03034e+00 -1.00973e+00 -9.52010e-01 -1.06744e+00
1.32160e+05 6.60000e+02 -9.53544e-01 -8.93218e-01 -1.01387e+00 -1.00867e+00 -9.51624e-01 -1.06571e+00
1.32480e+05 6.62000e+02 -1.00899e+00 -9.76441e-01 -1.04154e+00 -1.00761e+00 -9.51199e-01 -1.06402e+00
1.32800e+05 6.64000e+02 -9.63784e-01 -8.97354e-01 -1.03021e+00 -1.00656e+00 -9.50734e-01 -1.06239e+00
1.33120e+05 6.65000e+02 -9.78077e-01 -9.49254e-01 -1.00690e+00 -1.00551e+00 -9.50229e-01 -1.06080e+00
1.33440e+05 6.67000e+02 -1.00206e+00 -9.48386e-01 -1.05573e+00 -1.00447e+00 -9.49686e-01 -1.05926e+00
1.33760e+05 6.68000e+02 -9.63678e-01 -9.07094e-01 -1.02026e+00 -1.00343e+00 -9.49109e-01 -1.05775e+00
1.34080e+05 6.70000e+02 -9.75380e-01 -9.23046e-01 -1.02771e+00 -1.00240e+00 -9.48504e-01 -1.05629e+00
1.34400e+05 6.72000e+02 -9.97498e-01 -9.50966e-01 -1.04403e+00 -1.00137e+00 -9.47881e-01 -1.05486e+00
1.34720e+05 6.73000e+02 -9.53692e-01 -9.08835e-01 -9.98550e-01 -1.00036e+00 -9.47248e-01 -1.05347e+00
1.35040e+05 6.75000e+02 -9.83800e-01 -9.36841e-01 -1.03076e+00 -9.99362e-01 -9.46612e-01 -1.05211e+00
1.35360e+05 6.76000e+02 -9.52608e-01 -8.96315e-01 -1.00890e+00 -9.98383e-01 -9.45984e-01 -1.05078e+00
1.35680e+05 6.78000e+02 -9.79716e-01 -9.14117e-01 -1.04531e+00 -9.97429e-01 -9.45367e-01 -1.04949e+00
1.36000e+05 6.80000e+02 -9.51005e-01 -9.00748e-01 -1.00126e+00 -9.96503e-01 -9.44767e-01 -1.04824e+00
1.36320e+05 6.81000e+02 -9.62443e-01 -9.34026e-01 -9.90860e-01 -9.95602e-01 -9.44188e-01 -1.04702e+00
1.36640e+05 6.83000e+02 -9.72452e-01 -9.32167e-01 -1.01274e+00 -9.94732e-01 -9.43631e-01 -1.04583e+00
1.36960e+05 6.84000e+02 -9.92774e-01 -9.59836e-01 -1.02571e+00 -9.93889e-01 -9.43098e-01 -1.04468e+00
1.37280e+05 6.86000e+02 -9.55524e-01 -8.94329e-01 -1.01672e+00 -9.93074e-01 -9.42589e-01 -1.04356e+00
1.37600e+05 6.88000e+02 -9.48439e-01 -9.02406e-01 -9.94472e-01 -9.92286e-01 -9.42102e-01 -1.04247e+00
1.37920e+05 6.89000e+02 -9.40366e-01 -8.95835e-01 -9.84896e-01 -9.91522e-01 -9.41636e-01 -1.04141e+00
1.38240e+05 6.91000e+02 -9.81610e-01 -9.22390e-01 -1.04083e+00 -9.90778e-01 -9.41186e-01 -1.04037e+00
1.38560e+05 6.92000e+02 -9.49609e-01 -8.95344e-01 -1.00387e+00 -9.90048e-01 -9.40748e-01 -1.03935e+00
1.38880e+05 6.94000e+02 -9.66533e-01 -9.17622e-01 -1.01544e+00 -9.89332e-01 -9.40313e-01 -1.03835e+00
1.39200e+05 6.96000e+02 -9.50649e-01 -8.97519e-01 -1.00378e+00 -9.88615e-01 -9.39878e-01 -1.03735e+00
1.39520e+05 6.97000e+02 -9.41911e-01 -8.97048e-01 -9.86774e-01 -9.87900e-01 -9.39432e-01 -1.03637e+00
1.39840e+05 6.99000e+02 -9.74595e-01 -9.15404e-01 -1.03379e+00 -9.87174e-01 -9.38977e-01 -1.03537e+00
1.40160e+05 7.00000e+02 -9.57588e-01 -9.23685e-01 -9.91492e-01 -9.86440e-01 -9.38505e-01 -1.03437e+00
1.40480e+05 7.02000e+02 -9.65695e-01 -9.14445e-01 -1.01694e+00 -9.85686e-01 -9.38015e-01 -1.03336e+00
1.40800e+05 7.04000e+02 -9.66733e-01 -9.22326e-01 -1.01114e+00 -9.84911e-01 -9.37503e-01 -1.03232e+00
1.41120e+05 7.05000e+02 -9.57266e-01 -9.11658e-01 -1.00287e+00 -9.84113e-01 -9.36969e-01 -1.03126e+00
1.41440e+05 7.07000e+02 -9.69020e-01 -9.40310e-01 -9.97729e-01 -9.83287e-01 -9.36407e-01 -1.03017e+00
1.41760e+05 7.08000e+02 -9.62273e-01 -9.24466e-01 -1.00008e+00 -9.82429e-01 -9.35816e-01 -1.02904e+00
1.42080e+05 7.10000e+02 -9.73462e-01 -9.35117e-01 -1.01181e+00 -9.81537e-01 -9.35193e-01 -1.02788e+00
1.42400e+05 7.12000e+02 -9.56662e-01 -9.07860e-01 -1.00546e+00 -9.80612e-01 -9.34533e-01 -1.02669e+00
1.42720e+05 7.13000e+02 -9.61864e-01 -9.05960e-01 -1.01777e+00 -9.79650e-01 -9.33837e-01 -1.02546e+00
1.43040e+05 7.15000e+02 -9.47348e-01 -8.94619e-01 -1.00008e+00 -9.78654e-01 -9.33105e-01 -1.02420e+00
1.43360e+05 7.16000e+02 -9.57126e-01 -9.13549e-01 -1.00070e+00 -9.77632e-01 -9.32336e-01 -1.02293e+00
1.43680e+05 7.18000e+02 -9.68763e-01 -9.14484e-01 -1.02304e+00 -9.76587e-01 -9.31538e-01 -1.02164e+00
1.44000e+05 7.20000e+02 -9.60854e-01 -8.95399e-01 -1.02631e+00 -9.75532e-01 -9.30714e-01 -1.02035e+00
1.44320e+05 7.21000e+02 -9.44401e-01 -9.01837e-01 -9.86965e-01 -9.74467e-01 -9.29876e-01 -1.01906e+00
1.44640e+05 7.23000e+02 -9.50164e-01 -9.22754e-01 -9.77575e-01 -9.73411e-01 -9.29032e-01 -1.01779e+00
1.44960e+05 7.24000e+02 -9.83058e-01 -9.35503e-01 -1.03061e+00 -9.72372e-01 -9.28195e-01 -1.01655e+00
1.45280e+05 7.26000e+02 -9.60228e-01 -9.14045e-01 -1.00641e+00 -9.71363e-01 -9.27372e-01 -1.01535e+00
1.45600e+05 7.28000e+02 -9.73598e-01 -9.20478e-01 -1.02672e+00 -9.70387e-01 -9.26577e-01 -1.01420e+00
1.45920e+05 7.29000e+02 -9.59359e-01 -9.28014e-01 -9.90703e-01 -9.69460e-01 -9.25814e-01 -1.01311e+00
1.46240e+05 7.31000e+02 -9.55720e-01 -9.02156e-01 -1.00928e+00 -9.68582e-01 -9.25091e-01 -1.01207e+00
1.46560e+05 7.32000e+02 -9.64276e-01 -9.19781e-01 -1.00877e+00 -9.67764e-01 -9.24410e-01 -1.01112e+00
1.46880e+05 7.34000e+02 -9.65950e-01 -9.30515e-01 -1.00138e+00 -9.67001e-01 -9.23773e-01 -1.01023e+00
1.47200e+05 7.36000e+02 -9.54293e-01 -9.13797e-01 -9.94789e-01 -9.66302e-01 -9.23178e-01 -1.00943e+00
1.47520e+05 7.37000e+02 -9.56154e-01 -9.09445e-01 -1.00286e+00 -9.65661e-01 -9.22626e-01 -1.00870e+00
1.47840e+05 7.39000e+02 -9.43828e-01 -9.05480e-01 -9.82175e-01 -9.65081e-01 -9.22115e-01 -1.00805e+00
1.48160e+05 7.40000e+02 -9.39753e-01 -8.89700e-01 -9.89807e-01 -9.64558e-01 -9.21644e-01 -1.00747e+00
1.48480e+05 7.42000e+02 -9.41983e-01 -8.69167e-01 -1.01480e+00 -9.64093e-01 -9.21211e-01 -1.00698e+00
1.48800e+05 7.44000e+02 -9.33199e-01 -8.98517e-01 -9.67881e-01 -9.63680e-01 -9.20818e-01 -1.00654e+00
1.49120e+05 7.45000e+02 -9.58363e-01 -9.09051e-01 -1.00767e+00 -9.63321e-01 -9.20462e-01 -1.00618e+00
1.49440e+05 7.47000e+02 -9.44275e-01 -9.20603e-01 -9.67948e-01 -9.63011e-01 -9.20144e-01 -1.00588e+00
1.49760e+05 7.48000e+02 -9.49316e-01 -9.10082e-01 -9.88551e-01 -9.62746e-01 -9.19863e-01 -1.00563e+00
1.50080e+05 7.50000e+02 -9.57421e-01 -9.17262e-01 -9.97580e-01 -9.62522e-01 -9.19616e-01 -1.00543e+00
1.50400e+05 7.52000e+02 -9.27110e-01 -8.97982e-01 -9.56239e-01 -9.62333e-01 -9.19401e-01 -1.00526e+00
1.50720e+05 7.53000e+02 -9.44749e-01 -9.01861e-01 -9.87637e-01 -9.62175e-01 -9.19212e-01 -1.00514e+00
1.51040e+05 7.55000e+02 -9.36758e-01 -8.93347e-01 -9.80168e-01 -9.62030e-01 -9.19044e-01 -1.00502e+00
1.51360e+05 7.56000e+02 -9.34018e-01 -8.86146e-01 -9.81891e-01 -9.61896e-01 -9.18887e-01 -1.00491e+00
1.51680e+05 7.58000e+02 -9.33752e-01 -9.00729e-01 -9.66775e-01 -9.61759e-01 -9.18735e-01 -1.00478e+00
1.52000e+05 7.60000e+02 -9.36759e-01 -9.00770e-01 -9.72748e-01 -9.61608e-01 -9.18579e-01 -1.00464e+00
1.52320e+05 7.61000e+02 -9.11079e-01 -8.71692e-01 -9.50465e-01 -9.61431e-01 -9.18412e-01 -1.00445e+00
1.52640e+05 7.63000e+02 -9.35399e-01 -8.98855e-01 -9.71943e-01 -9.61216e-01 -9.18226e-01 -1.00421e+00
1.52960e+05 7.64000e+02 -9.26451e-01 -8.77438e-01 -9.75464e-01 -9.60959e-01 -9.18016e-01 -1.00390e+00
1.53280e+05 7.66000e+02 -9.53074e-01 -9.21405e-01 -9.84743e-01 -9.60651e-01 -9.17773e-01 -1.00353e+00
1.53600e+05 7.68000e+02 -9.16703e-01 -8.63303e-01 -9.70103e-01 -9.60279e-01 -9.17497e-01 -1.00306e+00
1.53920e+05 7.69000e+02 -9.12778e-01 -8.82111e-01 -9.43445e-01 -9.59843e-01 -9.17180e-01 -1.00251e+00
1.54240e+05 7.71000e+02 -9.31895e-01 -8.90595e-01 -9.73195e-01 -9.59338e-01 -9.16820e-01 -1.00186e+00
1.54560e+05 7.72000e+02 -9.36182e-01 -8.83980e-01 -9.88384e-01 -9.58759e-01 -9.16411e-01 -1.00111e+00
1.54880e+05 7.74000e+02 -9.37796e-01 -8.97670e-01 -9.77923e-01 -9.58110e-01 -9.15950e-01 -1.00027e+00
1.55200e+05 7.76000e+02 -9.05645e-01 -8.55137e-01 -9.56153e-01 -9.57385e-01 -9.15436e-01 -9.99334e-01
1.55520e+05 7.77000e+02 -9.12506e-01 -8.67104e-01 -9.57908e-01 -9.56594e-01 -9.14864e-01 -9.98324e-01
1.55840e+05 7.79000e+02 -9.20953e-01 -8.80615e-01 -9.61290e-01 -9.55734e-01 -9.14236e-01 -9.97232e-01
1.56160e+05 7.80000e+02 -9.25653e-01 -8.90522e-01 -9.60785e-01 -9.54812e-01 -9.13550e-01 -9.96074e-01
1.56480e+05 7.82000e+02 -9.11140e-01 -8.58427e-01 -9.63854e-01 -9.53833e-01 -9.12807e-01 -9.94859e-01
1.56800e+05 7.84000e+02 -9.18948e-01 -8.91194e-01 -9.46703e-01 -9.52803e-01 -9.12011e-01 -9.93594e-01
1.57120e+05 7.85000e+02 -9.14349e-01 -8.67533e-01 -9.61165e-01 -9.51728e-01 -9.11167e-01 -9.92289e-01
1.57440e+05 7.87000e+02 -9.39114e-01 -9.00666e-01 -9.77562e-01 -9.50619e-01 -9.10277e-01 -9.90961e-01
1.57760e+05 7.88000e+02 -9.31493e-01 -9.00526e-01 -9.62460e-01 -9.49483e-01 -9.09348e-01 -9.89618e-01
1.58080e+05 7.90000e+02 -9.11862e-01 -8.65222e-01 -9.58502e-01 -9.48326e-01 -9.08383e-01 -9.88269e-01
1.58400e+05 7.92000e+02 -9.04177e-01 -8.45599e-01 -9.62755e-01 -9.47152e-01 -9.07388e-01 -9.86916e-01
1.58720e+05 7.93000e+02 -9.08321e-01 -8.71543e-01 -9.45100e-01 -9.45971e-01 -9.06367e-01 -9.85575e-01
1.59040e+05 7.95000e+02 -9.06074e-01 -8.70916e-01 -9.41233e-01 -9.44786e-01 -9.05325e-01 -9.84246e-01
1.59360e+05 7.96000e+02 -9.07150e-01 -8.65250e-01 -9.49050e-01 -9.43600e-01 -9.04265e-01 -9.82935e-01
1.59680e+05 7.98000e+02 -9.09577e-01 -8.73248e-01 -9.45906e-01 -9.42420e-01 -9.03192e-01 -9.81648e-01
1.60000e+05 8.00000e+02 -9.13705e-01 -8.86016e-01 -9.41394e-01 -9.41251e-01 -9.02111e-01 -9.80390e-01
1.60320e+05 8.01000e+02 -9.11958e-01 -8.86290e-01 -9.37625e-01 -9.40095e-01 -9.01027e-01 -9.79163e-01
1.60640e+05 8.03000e+02 -9.24511e-01 -8.94474e-01 -9.54549e-01 -9.38958e-01 -8.99945e-01 -9.77970e-01
1.60960e+05 8.04000e+02 -9.04082e-01 -8.65196e-01 -9.42968e-01 -9.37842e-01 -8.98872e-01 -9.76813e-01
1.61280e+05 8.06000e+02 -9.14880e-01 -8.83332e-01 -9.46429e-01 -9.36751e-01 -8.97811e-01 -9.75692e-01
1.61600e+05 8.08000e+02 -9.01521e-01 -8.76975e-01 -9.26067e-01 -9.35687e-01 -8.96767e-01 -9.74606e-01
1.61920e+05 8.09000e+02 -9.11251e-01 -8.67579e-01 -9.54923e-01 -9.34649e-01 -8.95743e-01 -9.73554e-01
1.62240e+05 8.11000e+02 -9.15485e-01 -8.89029e-01 -9.41942e-01 -9.33634e-01 -8.94738e-01 -9.72531e-01
1.62560e+05 8.12000e+02 -9.27038e-01 -8.97189e-01 -9.56887e-01 -9.32642e-01 -8.93753e-01 -9.71531e-01
1.62880e+05 8.14000e+02 -9.15019e-01 -8.90470e-01 -9.39567e-01 -9.31667e-01 -8.92788e-01 -9.70546e-01
1.63200e+05 8.16000e+02 -9.08635e-01 -8.65478e-01 -9.51791e-01 -9.30706e-01 -8.91842e-01 -9.69570e-01
1.63520e+05 8.17000e+02 -9.10191e-01 -8.73478e-01 -9.46904e-01 -9.29753e-01 -8.90912e-01 -9.68595e-01
1.63840e+05 8.19000e+02 -9.01307e-01 -8.74670e-01 -9.27944e-01 -9.28806e-01 -8.90001e-01 -9.67612e-01
1.64160e+05 8.20000e+02 -9.23832e-01 -9.10829e-01 -9.36836e-01 -9.27862e-01 -8.89109e-01 -9.66615e-01
1.64480e+05 8.22000e+02 -9.08827e-01 -8.76993e-01 -9.40661e-01 -9.26918e-01 -8.88236e-01 -9.65599e-01
1.64800e+05 8.24000e+02 -9.05047e-01 -8.76195e-01 -9.33899e-01 -9.25973e-01 -8.87386e-01 -9.64561e-01
1.65120e+05 8.25000e+02 -9.03917e-01 -8.76543e-01 -9.31291e-01 -9.25031e-01 -8.86563e-01 -9.63499e-01
1.65440e+05 8.27000e+02 -8.99950e-01 -8.67672e-01 -9.32229e-01 -9.24092e-01 -8.85771e-01 -9.62414e-01
1.65760e+05 8.28000e+02 -9.01129e-01 -8.62209e-01 -9.40049e-01 -9.23162e-01 -8.85016e-01 -9.61309e-01
1.66080e+05 8.30000e+02 -9.11068e-01 -8.83223e-01 -9.38912e-01 -9.22245e-01 -8.84301e-01 -9.60189e-01
1.66400e+05 8.32000e+02 -9.25174e-01 -9.02080e-01 -9.48268e-01 -9.21346e-01 -8.83635e-01 -9.59058e-01
1.66720e+05 8.33000e+02 -8.88987e-01 -8.48996e-01 -9.28979e-01 -9.20472e-01 -8.83021e-01 -9.57923e-01
1.67040e+05 8.35000e+02 -8.94397e-01 -8.66141e-01 -9.22653e-01 -9.19626e-01 -8.82462e-01 -9.56791e-01
1.67360e+05 8.36000e+02 -8.96602e-01 -8.56354e-01 -9.36849e-01 -9.18814e-01 -8.81962e-01 -9.55666e-01
1.67680e+05 8.38000e+02 -9.07756e-01 -8.80128e-01 -9.35385e-01 -9.18037e-01 -8.81521e-01 -9.54554e-01
1.68000e+05 8.40000e+02 -8.95222e-01 -8.67325e-01 -9.23118e-01 -9.17299e-01 -8.81138e-01 -9.53459e-01
1.68320e+05 8.41000e+02 -8.89574e-01 -8.60489e-01 -9.18659e-01 -9.16597e-01 -8.80810e-01 -9.52384e-01
1.68640e+05 8.43000e+02 -8.85301e-01 -8.41865e-01 -9.28738e-01 -9.15933e-01 -8.80533e-01 -9.51332e-01
1.68960e+05 8.44000e+02 -8.78626e-01 -8.47073e-01 -9.10179e-01 -9.15302e-01 -8.80299e-01 -9.50305e-01
1.69280e+05 8.46000e+02 -8.87719e-01 -8.65422e-01 -9.10016e-01 -9.14700e-01 -8.80100e-01 -9.49299e-01
1.69600e+05 8.48000e+02 -8.92542e-01 -8.61073e-01 -9.24012e-01 -9.14123e-01 -8.79928e-01 -9.48318e-01
1.69920e+05 8.49000e+02 -8.88852e-01 -8.55159e-01 -9.22545e-01 -9.13566e-01 -8.79774e-01 -9.47357e-01
1.70240e+05 8.51000e+02 -8.87210e-01 -8.56306e-01 -9.18114e-01 -9.13021e-01 -8.79627e-01 -9.46415e-01
1.70560e+05 8.52000e+02 -9.06431e-01 -8.80165e-01 -9.32696e-01 -9.12484e-01 -8.79479e-01 -9.45488e-01
1.70880e+05 8.54000e+02 -8.91266e-01 -8.57869e-01 -9.24664e-01 -9.11947e-01 -8.79321e-01 -9.44572e-01
1.71200e+05 8.56000e+02 -8.92261e-01 -8.60324e-01 -9.24199e-01 -9.11404e-01 -8.79145e-01 -9.43663e-01
1.71520e+05 8.57000e+02 -8.93159e-01 -8.61269e-01 -9.25049e-01 -9.10850e-01 -8.78942e-01 -9.42757e-01
1.71840e+05 8.59000e+02 -8.89006e-01 -8.62600e-01 -9.15412e-01 -9.10278e-01 -8.78705e-01 -9.41851e-01
1.72160e+05 8.60000e+02 -8.77222e-01 -8.46565e-01 -9.07880e-01 -9.09684e-01 -8.78429e-01 -9.40939e-01
1.72480e+05 8.62000e+02 -9.04969e-01 -8.85275e-01 -9.24663e-01 -9.09064e-01 -8.78106e-01 -9.40022e-01
1.72800e+05 8.64000e+02 -8.73789e-01 -8.36841e-01 -9.10738e-01 -9.08417e-01 -8.77735e-01 -9.39098e-01
1.73120e+05 8.65000e+02 -8.85818e-01 -8.55648e-01 -9.15988e-01 -9.07741e-01 -8.77313e-01 -9.38168e-01
1.73440e+05 8.67000e+02 -8.87819e-01 -8.62680e-01 -9.12957e-01 -9.07037e-01 -8.76841e-01 -9.37233e-01
1.73760e+05 8.68000e+02 -8.92099e-01 -8.70748e-01 -9.13449e-01 -9.06310e-01 -8.76322e-01 -9.36298e-01
1.74080e+05 8.70000e+02 -8.96651e-01 -8.68771e-01 -9.24530e-01 -9.05563e-01 -8.75761e-01 -9.35366e-01
1.74400e+05 8.72000e+02 -8.87108e-01 -8.59059e-01 -9.15157e-01 -9.04801e-01 -8.75161e-01 -9.34442e-01
1.74720e+05 8.73000e+02 -8.85476e-01 -8.60782e-01 -9.10170e-01 -9.04032e-01 -8.74532e-01 -9.33531e-01
1.75040e+05 8.75000e+02 -8.78130e-01 -8.51569e-01 -9.04692e-01 -9.03259e-01 -8.73880e-01 -9.32637e-01
1.75360e+05 8.76000e+02 -8.81534e-01 -8.51268e-01 -9.11800e-01 -9.02488e-01 -8.73212e-01 -9.31765e-01
1.75680e+05 8.78000e+02 -8.71167e-01 -8.36917e-01 -9.05417e-01 -9.01724e-01 -8.72533e-01 -9.30915e-01
1.76000e+05 8.80000e+02 -8.74621e-01 -8.36238e-01 -9.13004e-01 -9.00970e-01 -8.71852e-01 -9.30089e-01
1.76320e+05 8.81000e+02 -8.85872e-01 -8.52148e-01 -9.19596e-01 -9.00230e-01 -8.71171e-01 -9.29289e-01
1.76640e+05 8.83000e+02 -8.77871e-01 -8.43871e-01 -9.11871e-01 -8.99504e-01 -8.70496e-01 -9.28513e-01
1.76960e+05 8.84000e+02 -8.89880e-01 -8.50152e-01 -9.29609e-01 -8.98796e-01 -8.69830e-01 -9.27762e-01
1.77280e+05 8.86000e+02 -8.79300e-01 -8.41248e-01 -9.17352e-01 -8.98105e-01 -8.69177e-01 -9.27033e-01
1.77600e+05 8.88000e+02 -8.82808e-01 -8.47016e-01 -9.18600e-01 -8.97433e-01 -8.68541e-01 -9.26324e-01
1.77920e+05 8.89000e+02 -8.82957e-01 -8.53195e-01 -9.12719e-01 -8.96779e-01 -8.67923e-01 -9.25636e-01
1.78240e+05 8.91000e+02 -8.95228e-01 -8.75976e-01 -9.14480e-01 -8.96144e-01 -8.67325e-01 -9.24963e-01
1.78560e+05 8.92000e+02 -8.81740e-01 -8.49795e-01 -9.13685e-01 -8.95526e-01 -8.66748e-01 -9.24305e-01
1.78880e+05 8.94000e+02 -8.74287e-01 -8.41135e-01 -9.07439e-01 -8.94924e-01 -8.66190e-01 -9.23659e-01
1.79200e+05 8.96000e+02 -8.73282e-01 -8.36016e-01 -9.10547e-01 -8.94336e-01 -8.65647e-01 -9.23025e-01
1.79520e+05 8.97000e+02 -8.66688e-01 -8.27262e-01 -9.06115e-01 -8.93759e-01 -8.65117e-01 -9.22402e-01
1.79840e+05 8.99000e+02 -8.81761e-01 -8.54128e-01 -9.09394e-01 -8.93191e-01 -8.64592e-01 -9.21790e-01
1.80160e+05 9.00000e+02 -8.77148e-01 -8.37799e-01 -9.16497e-01 -8.92629e-01 -8.64069e-01 -9.21190e-01
1.80480e+05 9.02000e+02 -8.84931e-01 -8.46167e-01 -9.23694e-01 -8.92072e-01 -8.63541e-01 -9.20603e-01
1.80800e+05 9.04000e+02 -8.77279e-01 -8.46245e-01 -9.08313e-01 -8.91517e-01 -8.63004e-01 -9.20029e-01
1.81120e+05 9.05000e+02 -8.67762e-01 -8.18251e-01 -9.17273e-01 -8.90963e-01 -8.62453e-01 -9.19472e-01
1.81440e+05 9.07000e+02 -8.91834e-01 -8.49141e-01 -9.34527e-01 -8.90408e-01 -8.61885e-01 -9.18931e-01
1.81760e+05 9.08000e+02 -8.61947e-01 -8.22016e-01 -9.01878e-01 -8.89853e-01 -8.61300e-01 -9.18407e-01
1.82080e+05 9.10000e+02 -8.77026e-01 -8.26359e-01 -9.27693e-01 -8.89298e-01 -8.60697e-01 -9.17900e-01
1.82400e+05 9.12000e+02 -8.83642e-01 -8.37526e-01 -9.29758e-01 -8.88743e-01 -8.60075e-01 -9.17411e-01
1.82720e+05 9.13000e+02 -8.66748e-01 -8.30160e-01 -9.03336e-01 -8.88187e-01 -8.59436e-01 -9.16939e-01
1.83040e+05 9.15000e+02 -8.62090e-01 -8.23146e-01 -9.01035e-01 -8.87633e-01 -8.58783e-01 -9.16483e-01
1.83360e+05 9.16000e+02 -8.73763e-01 -8.34957e-01 -9.12569e-01 -8.87080e-01 -8.58116e-01 -9.16045e-01
1.83680e+05 9.18000e+02 -8.73597e-01 -8.27566e-01 -9.19628e-01 -8.86531e-01 -8.57437e-01 -9.15625e-01
1.84000e+05 9.20000e+02 -8.69417e-01 -8.23203e-01 -9.15631e-01 -8.85987e-01 -8.56750e-01 -9.15224e-01
1.84320e+05 9.21000e+02 -8.64789e-01 -8.17145e-01 -9.12433e-01 -8.85449e-01 -8.56055e-01 -9.14843e-01
1.84640e+05 9.23000e+02 -8.76266e-01 -8.37790e-01 -9.14743e-01 -8.84921e-01 -8.55355e-01 -9.14486e-01
1.84960e+05 9.24000e+02 -8.78497e-01 -8.29933e-01 -9.27060e-01 -8.84403e-01 -8.54650e-01 -9.14155e-01
1.85280e+05 9.26000e+02 -8.70330e-01 -8.30124e-01 -9.10536e-01 -8.83897e-01 -8.53943e-01 -9.13852e-01
1.85600e+05 9.28000e+02 -8.74000e-01 -8.50033e-01 -8.97967e-01 -8.83405e-01 -8.53230e-01 -9.13580e-01
1.85920e+05 9.29000e+02 -8.75493e-01 -8.44112e-01 -9.06874e-01 -8.82927e-01 -8.52514e-01 -9.13341e-01
1.86240e+05 9.31000e+02 -8.77958e-01 -8.38459e-01 -9.17457e-01 -8.82464e-01 -8.51793e-01 -9.13136e-01
1.86560e+05 9.32000e+02 -8.95805e-01 -8.73513e-01 -9.18096e-01 -8.82016e-01 -8.51065e-01 -9.12967e-01
1.86880e+05 9.34000e+02 -8.66502e-01 -8.19487e-01 -9.13516e-01 -8.81581e-01 -8.50329e-01 -9.12833e-01
1.87200e+05 9.36000e+02 -8.66945e-01 -8.25650e-01 -9.08240e-01 -8.81160e-01 -8.49584e-01 -9.12736e-01
1.87520e+05 9.37000e+02 -8.61453e-01 -8.33750e-01 -8.89156e-01 -8.80752e-01 -8.48832e-01 -9.12673e-01
1.87840e+05 9.39000e+02 -8.69924e-01 -8.37268e-01 -9.02580e-01 -8.80356e-01 -8.48072e-01 -9.12641e-01
1.88160e+05 9.40000e+02 -8.48461e-01 -8.06675e-01 -8.90246e-01 -8.79973e-01 -8.47308e-01 -9.12638e-01
1.88480e+05 9.42000e+02 -8.61691e-01 -8.25205e-01 -8.98178e-01 -8.79602e-01 -8.46545e-01 -9.12659e-01
1.88800e+05 9.44000e+02 -8.79188e-01 -8.61921e-01 -8.96455e-01 -8.79244e-01 -8.45790e-01 -9.12699e-01
1.89120e+05 9.45000e+02 -8.69234e-01 -8.48559e-01 -8.89909e-01 -8.78902e-01 -8.45052e-01 -9.12751e-01
1.89440e+05 9.47000e+02 -8.79475e-01 -8.59934e-01 -8.99015e-01 -8.78576e-01 -8.44340e-01 -9.12811e-01
1.89760e+05 9.48000e+02 -8.77945e-01 -8.37575e-01 -9.18316e-01 -8.78268e-01 -8.43665e-01 -9.12870e-01
1.90080e+05 9.50000e+02 -8.75545e-01 -8.43623e-01 -9.07468e-01 -8.77979e-01 -8.43035e-01 -9.12922e-01
1.90400e+05 9.52000e+02 -8.64684e-01 -8.26860e-01 -9.02509e-01 -8.77708e-01 -8.42457e-01 -9.12960e-01
1.90720e+05 9.53000e+02 -8.71941e-01 -8.36772e-01 -9.07110e-01 -8.77456e-01 -8.41933e-01 -9.12979e-01
1.91040e+05 9.55000e+02 -8.59395e-01 -8.26058e-01 -8.92732e-01 -8.77218e-01 -8.41466e-01 -9.12970e-01
1.91360e+05 9.56000e+02 -8.67104e-01 -8.33622e-01 -9.00587e-01 -8.76992e-01 -8.41055e-01 -9.12929e-01
1.91680e+05 9.58000e+02 -8.57244e-01 -8.13550e-01 -9.00938e-01 -8.76774e-01 -8.40698e-01 -9.12850e-01
1.92000e+05 9.60000e+02 -8.48523e-01 -8.04554e-01 -8.92493e-01 -8.76561e-01 -8.40392e-01 -9.12730e-01
1.92320e+05 9.61000e+02 -8.76863e-01 -8.47259e-01 -9.06467e-01 -8.76348e-01 -8.40134e-01 -9.12563e-01
1.92640e+05 9.63000e+02 -8.60121e-01 -8.07229e-01 -9.13013e-01 -8.76136e-01 -8.39922e-01 -9.12351e-01
1.92960e+05 9.64000e+02 -8.65428e-01 -8.38836e-01 -8.92019e-01 -8.75922e-01 -8.39753e-01 -9.12091e-01
1.93280e+05 9.66000e+02 -8.64686e-01 -8.21725e-01 -9.07647e-01 -8.75706e-01 -8.39625e-01 -9.11786e-01
1.93600e+05 9.68000e+02 -8.50211e-01 -8.04766e-01 -8.95656e-01 -8.75485e-01 -8.39534e-01 -9.11437e-01
1.93920e+05 9.69000e+02 -8.68472e-01 -8.39083e-01 -8.97860e-01 -8.75260e-01 -8.39472e-01 -9.11048e-01
1.94240e+05 9.71000e+02 -8.56437e-01 -8.20259e-01 -8.92616e-01 -8.75028e-01 -8.39434e-01 -9.10622e-01
1.94560e+05 9.72000e+02 -8.54916e-01 -8.13066e-01 -8.96765e-01 -8.74787e-01 -8.39411e-01 -9.10163e-01
1.94880e+05 9.74000e+02 -8.53670e-01 -8.14749e-01 -8.92591e-01 -8.74534e-01 -8.39392e-01 -9.09676e-01
1.95200e+05 9.76000e+02 -8.53317e-01 -8.00450e-01 -9.06184e-01 -8.74265e-01 -8.39367e-01 -9.09163e-01
1.95520e+05 9.77000e+02 -8.66855e-01 -8.11254e-01 -9.22455e-01 -8.73977e-01 -8.39322e-01 -9.08632e-01
1.95840e+05 9.79000e+02 -8.68352e-01 -8.28518e-01 -9.08187e-01 -8.73667e-01 -8.39247e-01 -9.08086e-01
1.96160e+05 9.80000e+02 -8.56524e-01 -8.18681e-01 -8.94367e-01 -8.73330e-01 -8.39130e-01 -9.07530e-01
1.96480e+05 9.82000e+02 -8.57978e-01 -8.28188e-01 -8.87768e-01 -8.72964e-01 -8.38960e-01 -9.06967e-01
1.96800e+05 9.84000e+02 -8.59331e-01 -8.27698e-01 -8.90964e-01 -8.72568e-01 -8.38732e-01 -9.06403e-01
1.97120e+05 9.85000e+02 -8.58745e-01 -8.15492e-01 -9.01998e-01 -8.72139e-01 -8.38436e-01 -9.05842e-01
1.97440e+05 9.87000e+02 -8.57929e-01 -8.17008e-01 -8.98850e-01 -8.71678e-01 -8.38068e-01 -9.05287e-01
1.97760e+05 9.88000e+02 -8.48879e-01 -8.11616e-01 -8.86143e-01 -8.71185e-01 -8.37626e-01 -9.04744e-01
1.98080e+05 9.90000e+02 -8.53560e-01 -7.97602e-01 -9.09517e-01 -8.70663e-01 -8.37109e-01 -9.04216e-01
1.98400e+05 9.92000e+02 -8.45534e-01 -7.99256e-01 -8.91811e-01 -8.70114e-01 -8.36520e-01 -9.03707e-01
1.98720e+05 9.93000e+02 -8.51537e-01 -8.22582e-01 -8.80493e-01 -8.69542e-01 -8.35863e-01 -9.03221e-01
1.99040e+05 9.95000e+02 -8.49059e-01 -8.13803e-01 -8.84316e-01 -8.68955e-01 -8.35146e-01 -9.02764e-01
1.99360e+05 9.96000e+02 -8.49712e-01 -8.11557e-01 -8.87867e-01 -8.68357e-01 -8.34376e-01 -9.02338e-01
1.99680e+05 9.98000e+02 -8.51300e-01 -8.11118e-01 -8.91482e-01 -8.67755e-01 -8.33564e-01 -9.01946e-01
